0.000000000000000000e+00
1.008676243363880037e-01
2.014973737823310129e-01
3.014283904049079865e-01
4.000443172699310046e-01
5.008689500682520501e-01
6.015725190227390051e-01
7.017853475699670218e-01
8.012189333967399962e-01
9.015526559378489457e-01
1.000000445434130025e+00
2.002147467195749986e+00
3.002157850918590221e+00
4.000266774761260358e+00
5.000495505257280371e+00
6.002043633343419948e+00
7.002112182526619932e+00
8.000013787968779155e+00
9.001760413317240861e+00
1.000100141155419919e+01
1.100164643835159950e+01
1.200112440038360084e+01
1.300072684886979957e+01
1.400000905166960052e+01
1.500161559742990036e+01
1.600195675637219850e+01
1.700065360506410173e+01
1.800260682884249874e+01
1.900049766935989837e+01
2.000217933722889896e+01
2.100112807491679945e+01
2.200150497976569852e+01
2.300031492926060039e+01
2.400245534998250108e+01
2.500006029682120001e+01
2.600081282030440022e+01
2.700218571661390143e+01
2.800076269937559914e+01
2.900039374784680035e+01
3.000096794861019944e+01
3.100197226202000067e+01
3.200054053126950038e+01
3.300225927107390334e+01
3.400241020429530181e+01
3.500239926404899649e+01
3.600050881205240216e+01
3.700213155869280257e+01
3.800126610681760297e+01
3.900052841493739919e+01
4.000260377206719653e+01
4.100249105368860114e+01
4.200003633569580330e+01
4.300063998121189712e+01
4.400149040468389927e+01
4.500253387368869795e+01
4.600093635756640253e+01
4.700252206003639799e+01
4.800165340516829815e+01
4.900094139666180126e+01
5.000034113231230037e+01
5.100235172713289700e+01
5.200196951537510159e+01
5.300213819046619790e+01
5.400261823253819671e+01
5.500049503814079799e+01
5.600128736210169933e+01
5.700214032127409780e+01
5.800062914923179846e+01
5.900139663778829657e+01
6.000262795449820175e+01
6.100166088304830225e+01
6.200078557329830176e+01
6.300013992973249799e+01
6.400257307154240038e+01
6.500261116769979708e+01
6.600010210470649952e+01
6.700043370967610201e+01
6.800093215124799428e+01
6.900153255686750242e+01
7.000254481742740609e+01
7.100048978204719674e+01
7.200110839141420627e+01
7.300210217668789880e+01
7.400056062926890377e+01
7.500179390693669745e+01
7.600049640689390174e+01
7.700197478596240330e+01
7.800106872580360573e+01
7.900270088438989546e+01
8.000155530663319325e+01
8.100070283949030170e+01
8.200237648721669359e+01
8.300182025585669976e+01
8.400127756150320124e+01
8.500057975752859818e+01
8.600005581733420001e+01
8.700219238564019975e+01
8.800162549925150302e+01
8.900121557162489694e+01
9.000102696477550523e+01
9.100088250919360178e+01
9.200120424383200657e+01
9.300185992327169515e+01
9.400231485397669928e+01
9.500005722595959412e+01
9.600080554830489632e+01
9.700166961536160670e+01
9.800248951066170378e+01
9.900073118347789602e+01
1.000020175854729985e+02
1.010004543670799961e+02
1.020018199139159947e+02
1.030005374847099944e+02
1.040021119115409931e+02
1.050011843225219934e+02
1.060001724855389966e+02
1.070018802800910009e+02
1.080010066904360002e+02
1.090002784458339988e+02
1.100025002975019959e+02
1.110018869133780015e+02
1.120013246992599960e+02
1.130008341070499966e+02
1.140003982060590033e+02
1.150000542738710010e+02
1.160025117760520033e+02
1.170027352831679934e+02
1.180026362533100013e+02
1.190024238025069963e+02
1.200018039513959991e+02
1.210016446072840068e+02
1.220009876198020038e+02
1.230003382226570068e+02
1.240027180948529946e+02
1.250023606782200005e+02
1.260019830811069994e+02
1.270016654474890032e+02
1.280018284293470003e+02
1.290017257770520018e+02
1.300015713130119934e+02
1.310017523968710123e+02
1.320022828025979891e+02
1.330026992102500003e+02
1.340004779463050113e+02
1.350012205560919938e+02
1.360021194496659973e+02
1.370004552830939986e+02
1.380014038500380025e+02
1.390026123051069931e+02
1.400008936031370013e+02
1.410019301541620109e+02
1.420005370872679862e+02
1.430019067378019884e+02
1.440003806994060085e+02
1.450015000568820085e+02
1.460002310191630102e+02
1.470015607234089998e+02
1.480027425309529860e+02
1.490008418424399963e+02
1.500020758713359896e+02
1.510000826729230141e+02
1.520012847340549911e+02
1.530025574077739918e+02
1.540007271294020086e+02
1.550020300829779956e+02
1.560009045752229895e+02
1.570024427859459877e+02
1.580014129547049890e+02
1.590005019929959929e+02
1.600025490720869925e+02
1.610016161040400107e+02
1.620008429181760050e+02
1.630002297381869880e+02
1.640021590989780123e+02
1.650014324805229933e+02
1.660006929822849884e+02
1.670025020833130043e+02
1.680016756196860115e+02
1.690006215203320039e+02
1.700000176758620114e+02
1.710019421838809990e+02
1.720012153796270127e+02
1.730004126534909972e+02
1.740023897543429996e+02
1.750017058658409894e+02
1.760009714099579980e+02
1.770003690763840041e+02
1.780000251037999988e+02
1.790024069686770076e+02
1.800022750802449991e+02
1.810023406089169953e+02
1.820025901612829955e+02
1.830001380766630064e+02
1.840005804180399878e+02
1.850007578579239862e+02
1.860011972656940031e+02
1.870018230717400058e+02
1.880023430525330070e+02
1.890000476735289965e+02
1.900006899903530098e+02
1.910010714450619957e+02
1.920015406701710106e+02
1.930019623553959889e+02
1.940024324975090053e+02
1.950001993782350098e+02
1.960009010960349940e+02
1.970014745540100023e+02
1.980022920199550072e+02
1.990000779571130067e+02
2.000009286473510031e+02
2.010016676327799985e+02
2.020025445284549903e+02
2.030005068946630047e+02
2.040011720991460038e+02
2.050022531006829922e+02
2.060005459455420009e+02
2.070017365913369929e+02
2.080026934404739904e+02
2.090009035425609909e+02
2.100020414969770002e+02
2.110004875258890138e+02
2.120015288387660064e+02
2.130027043227460126e+02
2.140010851784610111e+02
2.150024695338219942e+02
2.160010053465960027e+02
2.170024066648909979e+02
2.180011976453239981e+02
2.190000120292530141e+02
2.200014925166620117e+02
2.210003155111920137e+02
2.220020293329139918e+02
2.230009813238870038e+02
2.240025691565820125e+02
2.250016717478279986e+02
2.260006969158420134e+02
2.270027461880819999e+02
2.280019942605289884e+02
2.290011495045040135e+02
2.300003526161889909e+02
2.310023635815009868e+02
2.320017226375640007e+02
2.330011214839180127e+02
2.340005075299999930e+02
2.350022542097719906e+02
2.360015636096939886e+02
2.370009328662420103e+02
2.380002532351059870e+02
2.390022860257300010e+02
2.400015305050179961e+02
2.410007784940540034e+02
2.420001760185699879e+02
2.430022239456299928e+02
2.440015392676579893e+02
2.450010850851539885e+02
2.460004385318609934e+02
2.470026582071440089e+02
2.480020350379049887e+02
2.490012907036579861e+02
2.500008100576229992e+02
2.510001881933420123e+02
2.520023970745390045e+02
2.530017620482830125e+02
2.540014197079580072e+02
2.550010456828750023e+02
2.560008767573160071e+02
2.570004550781450234e+02
2.580001228758479783e+02
2.590023066355499850e+02
2.600018492529629839e+02
2.610015690092699856e+02
2.620011973519580124e+02
2.630007630333420252e+02
2.640004277841650264e+02
2.650001398067109903e+02
2.660024876789540258e+02
2.670021253345179844e+02
2.680017303294740145e+02
2.690015720745429917e+02
2.700010370941599831e+02
2.710008330292179721e+02
2.720006115308499943e+02
2.730005925759909928e+02
2.740005805006949799e+02
2.750006078139409738e+02
2.760005305293599918e+02
2.770006312389160144e+02
2.780008460326350246e+02
2.790010502624789979e+02
2.800013116148180075e+02
2.810013501903159749e+02
2.820015965369530022e+02
2.830018750827289864e+02
2.840023776543089866e+02
2.849999961208670243e+02
2.860001623371500159e+02
2.870004867287349839e+02
2.880007220162079875e+02
2.890009916208799723e+02
2.900015307225990000e+02
2.910018358461089747e+02
2.920022443613269729e+02
2.930026829768319772e+02
2.940003654017349959e+02
2.950006857860129799e+02
2.960011827420680106e+02
2.970017183632589877e+02
2.980022817281420089e+02
2.990001830754339949e+02
3.000006293173649965e+02
