   3.003560    
  4.0082651E-25
  4.2608037E-10
  4.5799546E-09
  1.1828396E-08
  4.4811017E-08
  1.1452629E-07
  2.0091746E-07
  3.5857124E-07
  5.6040130E-07
  9.8067051E-07
  1.3227182E-06
  1.6713046E-06
  2.4263325E-06
  3.2719429E-06
  4.3119744E-06
  4.5177726E-06
  6.3313546E-06
  7.5136431E-06
  8.9461037E-06
  9.4765765E-06
  1.1289290E-05
  1.2603105E-05
  1.2943727E-05
  1.4181684E-05
  1.4773505E-05
  1.5533826E-05
  1.6085422E-05
  1.5186304E-05
  1.5113918E-05
  1.4547330E-05
  1.3588543E-05
  1.2860474E-05
  1.1593140E-05
  1.1198285E-05
  1.0513214E-05
  9.6623244E-06
  9.0265530E-06
  8.2606202E-06
  8.0555419E-06
  7.4046711E-06
  7.2986732E-06
  7.0436008E-06
  6.6036037E-06
  6.4446840E-06
  6.1182322E-06
  6.1022151E-06
  5.6806275E-06
  5.5169335E-06
  5.4132447E-06
  5.3280432E-06
  5.0632120E-06
  4.8445854E-06
  4.7421636E-06
  4.6080918E-06
  4.4312346E-06
  4.2414799E-06
  4.1295198E-06
  4.1098533E-06
  3.8671365E-06
  3.7360310E-06
  3.6942686E-06
  3.5510980E-06
  3.4540569E-06
  3.2846413E-06
  3.2253126E-06
  3.1875743E-06
  2.9983366E-06
  2.9573316E-06
  2.8248867E-06
  2.7860351E-06
  2.6681148E-06
  2.5568695E-06
  2.5444222E-06
  2.4401063E-06
  2.3969833E-06
  2.2657205E-06
  2.2142497E-06
  2.1592098E-06
  2.0761022E-06
  2.0402158E-06
  1.9705060E-06
  1.9315464E-06
  1.8546150E-06
  1.8047808E-06
  1.7525966E-06
  1.7264002E-06
  1.6670128E-06
  1.6028279E-06
  1.5655044E-06
  1.5334522E-06
  1.4984155E-06
  1.4379348E-06
  1.4067418E-06
  1.3646594E-06
  1.3253274E-06
  1.2763248E-06
  1.2683965E-06
  1.2304741E-06
  1.2152785E-06
  1.1574302E-06
  1.1394037E-06
  1.1073779E-06
  1.0830619E-06
  1.0564752E-06
  1.0049971E-06
  1.0096080E-06
  9.7017130E-07
  9.4679154E-07
  9.2506644E-07
  9.1216100E-07
  8.7718649E-07
  8.4858840E-07
  8.3661445E-07
  8.1938697E-07
  8.0128342E-07
  7.7212673E-07
  7.6351631E-07
  7.4585216E-07
  7.1595503E-07
  7.0131443E-07
  6.9344082E-07
  6.7505590E-07
  6.5902469E-07
  6.4210599E-07
  6.2653658E-07
  6.1634626E-07
  5.9398843E-07
  5.8185941E-07
  5.6795500E-07
  5.5966495E-07
  5.4439954E-07
  5.2743610E-07
  5.2371496E-07
  5.0320011E-07
  4.9663515E-07
  4.7862187E-07
  4.7415980E-07
  4.6485178E-07
  4.4946870E-07
  4.3775631E-07
  4.3070537E-07
  4.2017965E-07
  4.1328499E-07
  3.9725305E-07
  3.9159158E-07
  3.8434203E-07
  3.7483574E-07
  3.6367152E-07
  3.5761835E-07
  3.4919114E-07
  3.4093040E-07
  3.3045782E-07
  3.2541288E-07
  3.1803165E-07
  3.1189441E-07
  3.0096552E-07
  2.9590021E-07
  2.8979133E-07
  2.8208194E-07
  2.7415189E-07
  2.6960478E-07
  2.6550362E-07
  2.5494225E-07
  2.5155978E-07
  2.4409823E-07
  2.3984927E-07
  2.3116384E-07
  2.2818726E-07
  2.2267669E-07
  2.1727871E-07
  2.1344444E-07
  2.0597587E-07
  2.0159177E-07
  1.9602790E-07
  1.9299847E-07
  1.8624675E-07
  1.8301601E-07
  1.7859193E-07
  1.7434121E-07
  1.6921094E-07
  1.6504454E-07
  1.6184299E-07
  1.5689849E-07
  1.5338668E-07
  1.4963688E-07
  1.4647550E-07
  1.4222873E-07
  1.3908719E-07
  1.3629854E-07
  1.3230843E-07
  1.2804242E-07
  1.2622804E-07
  1.2252438E-07
  1.1954840E-07
  1.1735203E-07
  1.1387196E-07
  1.1125318E-07
  1.0795726E-07
  1.0569559E-07
  1.0244980E-07
  1.0025314E-07
  9.7995638E-08
  9.5810705E-08
  9.3035375E-08
  9.1000423E-08
  8.9182855E-08
  8.6204601E-08
  8.4458371E-08
  8.2520224E-08
  8.0708297E-08
  7.8358696E-08
  7.6579269E-08
  7.4607335E-08
  7.2803402E-08
  7.1076322E-08
  6.8831135E-08
  6.7642901E-08
  6.6351838E-08
  6.4563778E-08
  6.3229010E-08
  6.1653225E-08
  6.0838211E-08
  5.8834999E-08
  5.7825808E-08
  5.6373839E-08
  5.5389926E-08
  5.4042612E-08
  5.2649092E-08
  5.1584347E-08
  5.0784230E-08
  4.9240874E-08
  4.7969937E-08
  4.7247482E-08
  4.6384802E-08
  4.5559581E-08
  4.4250967E-08
  4.3798423E-08
  4.2675435E-08
  4.1856254E-08
  4.1201407E-08
  4.0316653E-08
  3.9553690E-08
  3.8866844E-08
  3.8082160E-08
  3.7525322E-08
  3.6825753E-08
  3.6123435E-08
  3.5231267E-08
  3.4933876E-08
  3.4435896E-08
  3.3925360E-08
  3.3554738E-08
  3.3156297E-08
  3.2660065E-08
  3.2089773E-08
  3.1619265E-08
