   20.00000    
  4.3150080E-25
  6.8698969E-10
  6.3699317E-09
  1.6283394E-08
  6.2362524E-08
  1.6807718E-07
  2.7480294E-07
  5.0207501E-07
  7.4387879E-07
  1.2608016E-06
  1.6503777E-06
  2.0081745E-06
  2.7547123E-06
  3.3543897E-06
  4.0255195E-06
  3.8464946E-06
  4.8478428E-06
  5.0485633E-06
  5.2018618E-06
  4.7907060E-06
  5.0379217E-06
  4.8861380E-06
  4.3061250E-06
  4.0163736E-06
  3.7060233E-06
  3.4315224E-06
  3.1391924E-06
  2.7668334E-06
  2.5498871E-06
  2.3022326E-06
  2.0845221E-06
  1.9076081E-06
  1.7119756E-06
  1.6639965E-06
  1.5525641E-06
  1.4075235E-06
  1.3474555E-06
  1.2409048E-06
  1.1811931E-06
  1.0860696E-06
  1.0524087E-06
  1.0131595E-06
  9.3902986E-07
  9.0868929E-07
  8.4580438E-07
  8.3125951E-07
  7.6878592E-07
  7.4078497E-07
  7.2257183E-07
  6.8563622E-07
  6.6171248E-07
  6.2819652E-07
  6.1740582E-07
  5.9021897E-07
  5.6607809E-07
  5.4797357E-07
  5.3201825E-07
  5.2967988E-07
  4.9490973E-07
  4.8087946E-07
  4.7439161E-07
  4.5394378E-07
  4.4633555E-07
  4.2200648E-07
  4.2532963E-07
  4.1431170E-07
  3.9528524E-07
  3.9345827E-07
  3.7828354E-07
  3.7746031E-07
  3.6383869E-07
  3.5049879E-07
  3.5359142E-07
  3.3605821E-07
  3.3848389E-07
  3.2289122E-07
  3.2033864E-07
  3.1630370E-07
  3.0420202E-07
  3.0123789E-07
  2.9200845E-07
  2.9113124E-07
  2.8194185E-07
  2.7766617E-07
  2.7313271E-07
  2.7094362E-07
  2.6411891E-07
  2.5767210E-07
  2.5396676E-07
  2.4981250E-07
  2.4541717E-07
  2.4021142E-07
  2.3557880E-07
  2.3223521E-07
  2.2748793E-07
  2.2300651E-07
  2.2180784E-07
  2.1816868E-07
  2.1738013E-07
  2.1033779E-07
  2.0737855E-07
  2.0491831E-07
  2.0182496E-07
  1.9945843E-07
  1.9256871E-07
  1.9405537E-07
  1.8800810E-07
  1.8381897E-07
  1.8324177E-07
  1.8228215E-07
  1.7781423E-07
  1.7285817E-07
  1.7308410E-07
  1.7022040E-07
  1.6743145E-07
  1.6410054E-07
  1.6271791E-07
  1.6110234E-07
  1.5645135E-07
  1.5394870E-07
  1.5353844E-07
  1.5080833E-07
  1.4835979E-07
  1.4636150E-07
  1.4424519E-07
  1.4387244E-07
  1.3864781E-07
  1.3774340E-07
  1.3617436E-07
  1.3493371E-07
  1.3159612E-07
  1.2879718E-07
  1.2909841E-07
  1.2498190E-07
  1.2431966E-07
  1.2109516E-07
  1.2033345E-07
  1.1853430E-07
  1.1507344E-07
  1.1253014E-07
  1.1268285E-07
  1.0981295E-07
  1.0862099E-07
  1.0530361E-07
  1.0441797E-07
  1.0299520E-07
  1.0141832E-07
  9.8895256E-08
  9.7443838E-08
  9.6027279E-08
  9.3644097E-08
  9.1612335E-08
  9.0431904E-08
  8.8337195E-08
  8.7040398E-08
  8.4539167E-08
  8.3354351E-08
  8.1787810E-08
  8.0124593E-08
  7.8238187E-08
  7.6953754E-08
  7.6453880E-08
  7.3395583E-08
  7.2524976E-08
  7.0183411E-08
  6.9510655E-08
  6.7326766E-08
  6.6545795E-08
  6.5115579E-08
  6.3506249E-08
  6.2554406E-08
  6.0431248E-08
  5.9083128E-08
  5.7924453E-08
  5.6818891E-08
  5.4701975E-08
  5.3873602E-08
  5.2535761E-08
  5.1565550E-08
  5.0046342E-08
  4.8780084E-08
  4.7987083E-08
  4.6391172E-08
  4.5490971E-08
  4.4504830E-08
  4.3386855E-08
  4.2118323E-08
  4.1249166E-08
  4.0301341E-08
  3.9164917E-08
  3.8043467E-08
  3.7309018E-08
  3.6347970E-08
  3.5282344E-08
  3.4636923E-08
  3.3608593E-08
  3.2937685E-08
  3.2080635E-08
  3.1342950E-08
  3.0362401E-08
  2.9757629E-08
  2.9017579E-08
  2.8343887E-08
  2.7513233E-08
  2.6852845E-08
  2.6362542E-08
  2.5543397E-08
  2.4969193E-08
  2.4309990E-08
  2.3846530E-08
  2.3140860E-08
  2.2580515E-08
  2.1977895E-08
  2.1475978E-08
  2.1042736E-08
  2.0423286E-08
  2.0024538E-08
  1.9698085E-08
  1.9060765E-08
  1.8730425E-08
  1.8266634E-08
  1.7912081E-08
  1.7389642E-08
  1.7080870E-08
  1.6655273E-08
  1.6441097E-08
  1.5987039E-08
  1.5608743E-08
  1.5306082E-08
  1.5041820E-08
  1.4719435E-08
  1.4351073E-08
  1.4210371E-08
  1.3922866E-08
  1.3673300E-08
  1.3279243E-08
  1.3109722E-08
  1.2865958E-08
  1.2616530E-08
  1.2470749E-08
  1.2181566E-08
  1.2008846E-08
  1.1798602E-08
  1.1547915E-08
  1.1416852E-08
  1.1238316E-08
  1.1087226E-08
  1.0905714E-08
  1.0794635E-08
  1.0669199E-08
  1.0501733E-08
  1.0412390E-08
  1.0272400E-08
  1.0139328E-08
  1.0016289E-08
  9.8442943E-09
