   20.00516    
  4.0612714E-25
  6.8701889E-10
  6.3699859E-09
  1.6283664E-08
  6.2363448E-08
  1.6807975E-07
  2.7480743E-07
  5.0208473E-07
  7.4388782E-07
  1.2608119E-06
  1.6503781E-06
  2.0081520E-06
  2.7546669E-06
  3.3542876E-06
  4.0253231E-06
  3.8462608E-06
  4.8474540E-06
  5.0480598E-06
  5.2012501E-06
  4.7900662E-06
  5.0371345E-06
  4.8852976E-06
  4.3053155E-06
  4.0155214E-06
  3.7052284E-06
  3.4307163E-06
  3.1384300E-06
  2.7661422E-06
  2.5492386E-06
  2.3016203E-06
  2.0839718E-06
  1.9071001E-06
  1.7114960E-06
  1.6635444E-06
  1.5521426E-06
  1.4071264E-06
  1.3470701E-06
  1.2405562E-06
  1.1808563E-06
  1.0857672E-06
  1.0521037E-06
  1.0128686E-06
  9.3875872E-07
  9.0842457E-07
  8.4556308E-07
  8.3101980E-07
  7.6857054E-07
  7.4057516E-07
  7.2237032E-07
  6.8543869E-07
  6.6153200E-07
  6.2801894E-07
  6.1723352E-07
  5.9005771E-07
  5.6592745E-07
  5.4782231E-07
  5.3187983E-07
  5.2954965E-07
  4.9477933E-07
  4.8075401E-07
  4.7427113E-07
  4.5382814E-07
  4.4622243E-07
  4.2190504E-07
  4.2520185E-07
  4.1418886E-07
  3.9513901E-07
  3.9333932E-07
  3.7815784E-07
  3.7733375E-07
  3.6368698E-07
  3.5026065E-07
  3.5335310E-07
  3.3589151E-07
  3.3828331E-07
  3.2271200E-07
  3.2020634E-07
  3.1627991E-07
  3.0438056E-07
  3.0124318E-07
  2.9202954E-07
  2.9139750E-07
  2.8221413E-07
  2.7780041E-07
  2.7338697E-07
  2.7124742E-07
  2.6445886E-07
  2.5799801E-07
  2.5442466E-07
  2.5042132E-07
  2.4606658E-07
  2.4073742E-07
  2.3614511E-07
  2.3283401E-07
  2.2812267E-07
  2.2358756E-07
  2.2236863E-07
  2.1863711E-07
  2.1767306E-07
  2.1050020E-07
  2.0757106E-07
  2.0513558E-07
  2.0206014E-07
  1.9967746E-07
  1.9277230E-07
  1.9424449E-07
  1.8832260E-07
  1.8416058E-07
  1.8361600E-07
  1.8259703E-07
  1.7823186E-07
  1.7317177E-07
  1.7331980E-07
  1.7060583E-07
  1.6770302E-07
  1.6447672E-07
  1.6296786E-07
  1.6129505E-07
  1.5675344E-07
  1.5424227E-07
  1.5386338E-07
  1.5121876E-07
  1.4874696E-07
  1.4678162E-07
  1.4456482E-07
  1.4416224E-07
  1.3897440E-07
  1.3804444E-07
  1.3644309E-07
  1.3518473E-07
  1.3172944E-07
  1.2882225E-07
  1.2907580E-07
  1.2508140E-07
  1.2445763E-07
  1.2125253E-07
  1.2051802E-07
  1.1869697E-07
  1.1524920E-07
  1.1265696E-07
  1.1289095E-07
  1.1000299E-07
  1.0878545E-07
  1.0551705E-07
  1.0463717E-07
  1.0324401E-07
  1.0164422E-07
  9.9102529E-08
  9.7678097E-08
  9.6221356E-08
  9.3885831E-08
  9.1840562E-08
  9.0694954E-08
  8.8540602E-08
  8.7266663E-08
  8.4762696E-08
  8.3569233E-08
  8.1992518E-08
  8.0313292E-08
  7.8422261E-08
  7.7129059E-08
  7.6637335E-08
  7.3500651E-08
  7.2574451E-08
  7.0154684E-08
  6.9523239E-08
  6.7348239E-08
  6.6542064E-08
  6.5112708E-08
  6.3530258E-08
  6.2580241E-08
  6.0466782E-08
  5.9109041E-08
  5.7920499E-08
  5.6860845E-08
  5.4734478E-08
  5.3899534E-08
  5.2590277E-08
  5.1587804E-08
  5.0088399E-08
  4.8853753E-08
  4.8072049E-08
  4.6451305E-08
  4.5531554E-08
  4.4530871E-08
  4.3422506E-08
  4.2183505E-08
  4.1308624E-08
  4.0326420E-08
  3.9206366E-08
  3.8100495E-08
  3.7343817E-08
  3.6397637E-08
  3.5333525E-08
  3.4666144E-08
  3.3612864E-08
  3.2898203E-08
  3.2040102E-08
  3.1337084E-08
  3.0338168E-08
  2.9736881E-08
  2.9007719E-08
  2.8322900E-08
  2.7488973E-08
  2.6831504E-08
  2.6334659E-08
  2.5531326E-08
  2.4947422E-08
  2.4301375E-08
  2.3840057E-08
  2.3118250E-08
  2.2540203E-08
  2.1982734E-08
  2.1486356E-08
  2.1055055E-08
  2.0426304E-08
  2.0030848E-08
  1.9708919E-08
  1.9075246E-08
  1.8750946E-08
  1.8278930E-08
  1.7931644E-08
  1.7412109E-08
  1.7094532E-08
  1.6664870E-08
  1.6460028E-08
  1.5991503E-08
  1.5626313E-08
  1.5337847E-08
  1.5072626E-08
  1.4750073E-08
  1.4369274E-08
  1.4231370E-08
  1.3936395E-08
  1.3676095E-08
  1.3275917E-08
  1.3125154E-08
  1.2874739E-08
  1.2625653E-08
  1.2485493E-08
  1.2204143E-08
  1.2025346E-08
  1.1815120E-08
  1.1549774E-08
  1.1445328E-08
  1.1263546E-08
  1.1111952E-08
  1.0931884E-08
  1.0814696E-08
  1.0688214E-08
  1.0513580E-08
  1.0420043E-08
  1.0290081E-08
  1.0149361E-08
  1.0017596E-08
  9.8498321E-09
