   60.02036    
  4.0461418E-25
  7.5653545E-10
  6.6666672E-09
  1.7070125E-08
  6.4804610E-08
  1.7419920E-07
  2.8265032E-07
  5.1057464E-07
  7.3205547E-07
  1.2087984E-06
  1.5134696E-06
  1.7508950E-06
  2.3193063E-06
  2.6511170E-06
  2.9617997E-06
  2.6415610E-06
  3.1212185E-06
  2.9751448E-06
  2.8277016E-06
  2.4200292E-06
  2.3461905E-06
  2.1268222E-06
  1.7494477E-06
  1.5158614E-06
  1.3455425E-06
  1.1809968E-06
  1.0456065E-06
  9.0397981E-07
  8.2583210E-07
  7.3392386E-07
  6.6548455E-07
  6.1163024E-07
  5.5803059E-07
  5.4809249E-07
  5.1742177E-07
  4.7540797E-07
  4.6062664E-07
  4.3482703E-07
  4.2005189E-07
  3.8962872E-07
  3.8573174E-07
  3.7663395E-07
  3.5050869E-07
  3.4793089E-07
  3.3076248E-07
  3.3375295E-07
  3.0867051E-07
  3.0652544E-07
  3.0684998E-07
  2.9420863E-07
  2.8761139E-07
  2.7961076E-07
  2.8121548E-07
  2.7215503E-07
  2.6686408E-07
  2.6285511E-07
  2.5941048E-07
  2.6375724E-07
  2.4865605E-07
  2.4376027E-07
  2.4347318E-07
  2.3599424E-07
  2.3800077E-07
  2.2457851E-07
  2.3196733E-07
  2.2559890E-07
  2.1943544E-07
  2.2084554E-07
  2.1524595E-07
  2.1534160E-07
  2.1095646E-07
  2.0294473E-07
  2.0752005E-07
  1.9683759E-07
  2.0182662E-07
  1.9280145E-07
  1.9295118E-07
  1.9350200E-07
  1.8552274E-07
  1.8631502E-07
  1.8037402E-07
  1.8160306E-07
  1.7595005E-07
  1.7439824E-07
  1.7320166E-07
  1.7186338E-07
  1.6825641E-07
  1.6529276E-07
  1.6310689E-07
  1.6221993E-07
  1.5913673E-07
  1.5647353E-07
  1.5388471E-07
  1.5229668E-07
  1.5004552E-07
  1.4741278E-07
  1.4749172E-07
  1.4538639E-07
  1.4533973E-07
  1.4120616E-07
  1.3903423E-07
  1.3836728E-07
  1.3662435E-07
  1.3530550E-07
  1.3101860E-07
  1.3237513E-07
  1.2856528E-07
  1.2557709E-07
  1.2601714E-07
  1.2513893E-07
  1.2290926E-07
  1.1954839E-07
  1.2026513E-07
  1.1811964E-07
  1.1630884E-07
  1.1460171E-07
  1.1346243E-07
  1.1252999E-07
  1.0951504E-07
  1.0782230E-07
  1.0798007E-07
  1.0598422E-07
  1.0458557E-07
  1.0327028E-07
  1.0209570E-07
  1.0185425E-07
  9.8166907E-08
  9.7781310E-08
  9.6769632E-08
  9.5786191E-08
  9.3621736E-08
  9.1835936E-08
  9.1966434E-08
  8.8956000E-08
  8.8564860E-08
  8.6494722E-08
  8.5844228E-08
  8.4742219E-08
  8.2365091E-08
  8.0232390E-08
  8.0773269E-08
  7.8422097E-08
  7.7589647E-08
  7.5157445E-08
  7.4682816E-08
  7.3508659E-08
  7.2501621E-08
  7.0576817E-08
  6.9567584E-08
  6.8462469E-08
  6.6763199E-08
  6.5213385E-08
  6.4561512E-08
  6.2701126E-08
  6.1864768E-08
  6.0009938E-08
  5.9125316E-08
  5.7852585E-08
  5.6628153E-08
  5.5273855E-08
  5.4218873E-08
  5.3905804E-08
  5.1532592E-08
  5.0741217E-08
  4.9138553E-08
  4.8502447E-08
  4.6852634E-08
  4.6198206E-08
  4.5187665E-08
  4.3911655E-08
  4.3118220E-08
  4.1623441E-08
  4.0527460E-08
  3.9614068E-08
  3.8810679E-08
  3.7264453E-08
  3.6515218E-08
  3.5541600E-08
  3.4720575E-08
  3.3620278E-08
  3.2688749E-08
  3.2038407E-08
  3.0844141E-08
  3.0149902E-08
  2.9465763E-08
  2.8582591E-08
  2.7646498E-08
  2.7071792E-08
  2.6300759E-08
  2.5449092E-08
  2.4633435E-08
  2.4021892E-08
  2.3324599E-08
  2.2523688E-08
  2.2055323E-08
  2.1308857E-08
  2.0791573E-08
  2.0094054E-08
  1.9630574E-08
  1.8908260E-08
  1.8462757E-08
  1.7865322E-08
  1.7434994E-08
  1.6818388E-08
  1.6355019E-08
  1.5948718E-08
  1.5408007E-08
  1.5044227E-08
  1.4517716E-08
  1.4201929E-08
  1.3697156E-08
  1.3297049E-08
  1.2917057E-08
  1.2568085E-08
  1.2253695E-08
  1.1845470E-08
  1.1553393E-08
  1.1341731E-08
  1.0939287E-08
  1.0710130E-08
  1.0353555E-08
  1.0144127E-08
  9.8057855E-09
  9.5951762E-09
  9.3201260E-09
  9.1820942E-09
  8.8580183E-09
  8.6252667E-09
  8.4435952E-09
  8.2528260E-09
  8.0462579E-09
  7.8175839E-09
  7.7523730E-09
  7.5342728E-09
  7.3763164E-09
  7.1460682E-09
  7.0587975E-09
  6.8978658E-09
  6.7346702E-09
  6.6376677E-09
  6.4687486E-09
  6.3548766E-09
  6.2219119E-09
  6.1094845E-09
  6.0134542E-09
  5.9066063E-09
  5.8375407E-09
  5.7080749E-09
  5.6396794E-09
  5.5664011E-09
  5.4763687E-09
  5.4183933E-09
  5.3614455E-09
  5.2635287E-09
  5.1943041E-09
  5.0963136E-09
