   5.013961    
  4.3538057E-25
  4.9264270E-10
  4.9360134E-09
  1.2858424E-08
  5.0039834E-08
  1.2999304E-07
  2.2442676E-07
  4.0229273E-07
  6.1664758E-07
  1.0730698E-06
  1.4335210E-06
  1.8099373E-06
  2.5784191E-06
  3.4000018E-06
  4.3941213E-06
  4.5627376E-06
  6.2462905E-06
  7.1872519E-06
  8.2322513E-06
  8.4647399E-06
  9.8380142E-06
  1.0546500E-05
  1.0494048E-05
  1.1068056E-05
  1.1029685E-05
  1.1215163E-05
  1.1121045E-05
  1.0221210E-05
  9.8310356E-06
  9.2797436E-06
  8.5158872E-06
  7.9605306E-06
  7.1796617E-06
  7.0679253E-06
  6.6576167E-06
  6.1606011E-06
  5.9215108E-06
  5.4837187E-06
  5.3299300E-06
  4.9977093E-06
  4.8856177E-06
  4.7658791E-06
  4.4903891E-06
  4.4174790E-06
  4.1215562E-06
  4.0898863E-06
  3.8302610E-06
  3.7230786E-06
  3.6285144E-06
  3.5831401E-06
  3.4066304E-06
  3.2160399E-06
  3.1545555E-06
  3.0501087E-06
  2.9059081E-06
  2.7935737E-06
  2.7101923E-06
  2.6682612E-06
  2.5151744E-06
  2.4273322E-06
  2.3821749E-06
  2.2710535E-06
  2.2225549E-06
  2.0881653E-06
  2.0625225E-06
  2.0227005E-06
  1.9277945E-06
  1.8690279E-06
  1.7943859E-06
  1.7836718E-06
  1.6837048E-06
  1.6368590E-06
  1.6172353E-06
  1.5462072E-06
  1.5210007E-06
  1.4283487E-06
  1.4095335E-06
  1.3832276E-06
  1.3146444E-06
  1.2876266E-06
  1.2504688E-06
  1.2293079E-06
  1.1866347E-06
  1.1548001E-06
  1.1174121E-06
  1.1001497E-06
  1.0662861E-06
  1.0304391E-06
  1.0030585E-06
  9.8300416E-07
  9.6649126E-07
  9.2575573E-07
  9.0516028E-07
  8.8396399E-07
  8.6238106E-07
  8.2900425E-07
  8.1739302E-07
  8.0253409E-07
  7.8613101E-07
  7.5812585E-07
  7.4451737E-07
  7.2158417E-07
  7.0956224E-07
  6.9322971E-07
  6.6266676E-07
  6.6881984E-07
  6.4229840E-07
  6.2667488E-07
  6.1199620E-07
  6.0338982E-07
  5.8433642E-07
  5.6515523E-07
  5.6119416E-07
  5.4667527E-07
  5.3492215E-07
  5.1938883E-07
  5.1274606E-07
  5.0247417E-07
  4.8428683E-07
  4.7465363E-07
  4.6809021E-07
  4.5855373E-07
  4.4799492E-07
  4.3910282E-07
  4.2685394E-07
  4.2350200E-07
  4.0605894E-07
  4.0051145E-07
  3.9171042E-07
  3.8710854E-07
  3.7504628E-07
  3.6612582E-07
  3.6289850E-07
  3.5073219E-07
  3.4563479E-07
  3.3439983E-07
  3.2988018E-07
  3.2622216E-07
  3.1501040E-07
  3.0735865E-07
  3.0356782E-07
  2.9738487E-07
  2.9210369E-07
  2.8113405E-07
  2.7721168E-07
  2.7299072E-07
  2.6771218E-07
  2.6058038E-07
  2.5502814E-07
  2.5087377E-07
  2.4329202E-07
  2.3678511E-07
  2.3319291E-07
  2.2861057E-07
  2.2339886E-07
  2.1669885E-07
  2.1350763E-07
  2.0900985E-07
  2.0373868E-07
  1.9811574E-07
  1.9488894E-07
  1.9259363E-07
  1.8537651E-07
  1.8333205E-07
  1.7688349E-07
  1.7501529E-07
  1.6816324E-07
  1.6677073E-07
  1.6239890E-07
  1.5814229E-07
  1.5601559E-07
  1.5062845E-07
  1.4755656E-07
  1.4403582E-07
  1.4149091E-07
  1.3624388E-07
  1.3414289E-07
  1.3084326E-07
  1.2831329E-07
  1.2450272E-07
  1.2146226E-07
  1.1930446E-07
  1.1547782E-07
  1.1283527E-07
  1.1003675E-07
  1.0788256E-07
  1.0467420E-07
  1.0243525E-07
  9.9984831E-08
  9.7474818E-08
  9.4681361E-08
  9.2789058E-08
  9.0441056E-08
  8.7943477E-08
  8.6484633E-08
  8.3852733E-08
  8.2206114E-08
  7.9849684E-08
  7.7955171E-08
  7.5712421E-08
  7.3898541E-08
  7.2200038E-08
  7.0610128E-08
  6.8605274E-08
  6.7063638E-08
  6.5804684E-08
  6.3734305E-08
  6.2345620E-08
  6.0854120E-08
  5.9704448E-08
  5.7846940E-08
  5.6359934E-08
  5.4955862E-08
  5.3736485E-08
  5.2385968E-08
  5.0812492E-08
  4.9766047E-08
  4.8883948E-08
  4.7328609E-08
  4.6598110E-08
  4.5389804E-08
  4.4794678E-08
  4.3417568E-08
  4.2519666E-08
  4.1362217E-08
  4.0767201E-08
  3.9716408E-08
  3.8768157E-08
  3.8057905E-08
  3.7268318E-08
  3.6231437E-08
  3.5262619E-08
  3.4773688E-08
  3.4034588E-08
  3.3577624E-08
  3.2524301E-08
  3.2074926E-08
  3.1407357E-08
  3.0662346E-08
  3.0242298E-08
  2.9499770E-08
  2.9005543E-08
  2.8548161E-08
  2.7995283E-08
  2.7526065E-08
  2.6939292E-08
  2.6403965E-08
  2.5807404E-08
  2.5558537E-08
  2.5238860E-08
  2.4841075E-08
  2.4579231E-08
  2.4331861E-08
  2.3938705E-08
  2.3610204E-08
  2.3168443E-08
