   7.002440    
  4.2528044E-25
  5.4232657E-10
  5.2905307E-09
  1.3839187E-08
  5.3745222E-08
  1.4239100E-07
  2.4012158E-07
  4.3165417E-07
  6.5542764E-07
  1.1351640E-06
  1.5074720E-06
  1.9002863E-06
  2.6840323E-06
  3.4660516E-06
  4.4096137E-06
  4.5119077E-06
  6.0632647E-06
  6.8254049E-06
  7.6241895E-06
  7.6546203E-06
  8.7057806E-06
  9.1203638E-06
  8.8122733E-06
  9.0286176E-06
  8.8022916E-06
  8.7680473E-06
  8.4311077E-06
  7.6715305E-06
  7.3326446E-06
  6.8089330E-06
  6.2418553E-06
  5.7934008E-06
  5.2880264E-06
  5.1920774E-06
  4.8898846E-06
  4.5152647E-06
  4.3866276E-06
  4.0619325E-06
  3.9200240E-06
  3.6811612E-06
  3.6074789E-06
  3.4892780E-06
  3.2713961E-06
  3.1991872E-06
  2.9843034E-06
  2.9454936E-06
  2.7766187E-06
  2.6616399E-06
  2.6081914E-06
  2.5163372E-06
  2.4046847E-06
  2.2788911E-06
  2.2269660E-06
  2.1235032E-06
  2.0325976E-06
  1.9566305E-06
  1.9056040E-06
  1.8653728E-06
  1.7698229E-06
  1.6956837E-06
  1.6660656E-06
  1.5909268E-06
  1.5473340E-06
  1.4572387E-06
  1.4400682E-06
  1.4148277E-06
  1.3443192E-06
  1.3292988E-06
  1.2613771E-06
  1.2472777E-06
  1.1872963E-06
  1.1523802E-06
  1.1415808E-06
  1.0862383E-06
  1.0769818E-06
  1.0139919E-06
  1.0089749E-06
  9.7816053E-07
  9.3086953E-07
  9.2153465E-07
  8.9360884E-07
  8.7887844E-07
  8.4879957E-07
  8.2806315E-07
  8.0141376E-07
  7.9272581E-07
  7.6581455E-07
  7.4355444E-07
  7.2961058E-07
  7.1003689E-07
  6.9478000E-07
  6.7314289E-07
  6.6007732E-07
  6.4099379E-07
  6.2670955E-07
  6.0775790E-07
  5.9918119E-07
  5.8986171E-07
  5.7976479E-07
  5.5650082E-07
  5.4956286E-07
  5.3651559E-07
  5.2556180E-07
  5.1443538E-07
  4.9337905E-07
  4.9635179E-07
  4.7947248E-07
  4.6626667E-07
  4.5917955E-07
  4.5345078E-07
  4.3968609E-07
  4.2680256E-07
  4.2327505E-07
  4.1441331E-07
  4.0639813E-07
  3.9426337E-07
  3.9031264E-07
  3.8319234E-07
  3.7083373E-07
  3.6245495E-07
  3.5963390E-07
  3.5190493E-07
  3.4404636E-07
  3.3786435E-07
  3.3116510E-07
  3.2766894E-07
  3.1532304E-07
  3.1213463E-07
  3.0514173E-07
  3.0165356E-07
  2.9235466E-07
  2.8563306E-07
  2.8540489E-07
  2.7537374E-07
  2.7201233E-07
  2.6354229E-07
  2.6134259E-07
  2.5722787E-07
  2.4892637E-07
  2.4307357E-07
  2.4160033E-07
  2.3507047E-07
  2.3213805E-07
  2.2371759E-07
  2.2143199E-07
  2.1741756E-07
  2.1374616E-07
  2.0802908E-07
  2.0482337E-07
  2.0089665E-07
  1.9538550E-07
  1.9055950E-07
  1.8820687E-07
  1.8396747E-07
  1.8086405E-07
  1.7530432E-07
  1.7248749E-07
  1.6945340E-07
  1.6521314E-07
  1.6091410E-07
  1.5866472E-07
  1.5646319E-07
  1.5040710E-07
  1.4827238E-07
  1.4357482E-07
  1.4225327E-07
  1.3743507E-07
  1.3539902E-07
  1.3249213E-07
  1.2879130E-07
  1.2757464E-07
  1.2316315E-07
  1.2062340E-07
  1.1781518E-07
  1.1570393E-07
  1.1146588E-07
  1.0984500E-07
  1.0708190E-07
  1.0516371E-07
  1.0218115E-07
  9.9730357E-08
  9.7807494E-08
  9.4926278E-08
  9.2779111E-08
  9.0833979E-08
  8.8803695E-08
  8.6369347E-08
  8.4613511E-08
  8.2552617E-08
  8.0375401E-08
  7.7838571E-08
  7.6596855E-08
  7.4552901E-08
  7.2789916E-08
  7.1299091E-08
  6.9137592E-08
  6.7755352E-08
  6.5681760E-08
  6.4252134E-08
  6.2397731E-08
  6.1022057E-08
  5.9636264E-08
  5.8452105E-08
  5.6768613E-08
  5.5559440E-08
  5.4512999E-08
  5.2759610E-08
  5.1615476E-08
  5.0374403E-08
  4.9342290E-08
  4.7949570E-08
  4.6728093E-08
  4.5704734E-08
  4.4558760E-08
  4.3638746E-08
  4.2180357E-08
  4.1278270E-08
  4.0725613E-08
  3.9311217E-08
  3.8667331E-08
  3.7683211E-08
  3.7081598E-08
  3.5974541E-08
  3.5265661E-08
  3.4301770E-08
  3.3875814E-08
  3.2933208E-08
  3.2109039E-08
  3.1496274E-08
  3.0891893E-08
  3.0009428E-08
  2.9148840E-08
  2.8904205E-08
  2.8284951E-08
  2.7817046E-08
  2.7006893E-08
  2.6719878E-08
  2.6053222E-08
  2.5530646E-08
  2.5167534E-08
  2.4558426E-08
  2.4227978E-08
  2.3718680E-08
  2.3278037E-08
  2.2953520E-08
  2.2510299E-08
  2.2043276E-08
  2.1605935E-08
  2.1330967E-08
  2.1098037E-08
  2.0804123E-08
  2.0480257E-08
  2.0314964E-08
  1.9998382E-08
  1.9636721E-08
  1.9368205E-08
