   30.00975    
  3.8284544E-25
  7.2497908E-10
  6.4854593E-09
  1.6697918E-08
  6.3647455E-08
  1.7125532E-07
  2.8043488E-07
  5.1250345E-07
  7.5083551E-07
  1.2599601E-06
  1.6239345E-06
  1.9457805E-06
  2.6439184E-06
  3.1444613E-06
  3.6845829E-06
  3.4389591E-06
  4.2343886E-06
  4.2582069E-06
  4.2612087E-06
  3.8277112E-06
  3.9049992E-06
  3.7002551E-06
  3.1716913E-06
  2.8710440E-06
  2.6198300E-06
  2.3675177E-06
  2.1351991E-06
  1.8653400E-06
  1.7039554E-06
  1.5228775E-06
  1.3769036E-06
  1.2504858E-06
  1.1226526E-06
  1.0903469E-06
  1.0183688E-06
  9.2155665E-07
  8.7986064E-07
  8.1378482E-07
  7.7413802E-07
  7.1043848E-07
  6.9021002E-07
  6.6271218E-07
  6.1500089E-07
  5.9729217E-07
  5.5694937E-07
  5.5168960E-07
  5.0881488E-07
  4.9260240E-07
  4.8355497E-07
  4.6050863E-07
  4.4744590E-07
  4.2484749E-07
  4.1999297E-07
  4.0320828E-07
  3.9034288E-07
  3.7884450E-07
  3.7081298E-07
  3.7173788E-07
  3.4728600E-07
  3.3913997E-07
  3.3596413E-07
  3.2264785E-07
  3.2056852E-07
  3.0291295E-07
  3.0837873E-07
  2.9962160E-07
  2.8889681E-07
  2.8799155E-07
  2.7851036E-07
  2.7823404E-07
  2.7013414E-07
  2.6044847E-07
  2.6380729E-07
  2.4995168E-07
  2.5418709E-07
  2.4224178E-07
  2.4145399E-07
  2.4048074E-07
  2.3082983E-07
  2.2997376E-07
  2.2266666E-07
  2.2299730E-07
  2.1593262E-07
  2.1334019E-07
  2.1074193E-07
  2.0878025E-07
  2.0381515E-07
  1.9988418E-07
  1.9695457E-07
  1.9488915E-07
  1.9133226E-07
  1.8753724E-07
  1.8441142E-07
  1.8187693E-07
  1.7865483E-07
  1.7545545E-07
  1.7493464E-07
  1.7221258E-07
  1.7178293E-07
  1.6662736E-07
  1.6414397E-07
  1.6304426E-07
  1.6061537E-07
  1.5882215E-07
  1.5359532E-07
  1.5499781E-07
  1.5034888E-07
  1.4694042E-07
  1.4674377E-07
  1.4598957E-07
  1.4299027E-07
  1.3899169E-07
  1.3952518E-07
  1.3716675E-07
  1.3494784E-07
  1.3254068E-07
  1.3156003E-07
  1.3011359E-07
  1.2673692E-07
  1.2431518E-07
  1.2435989E-07
  1.2202383E-07
  1.2051144E-07
  1.1899674E-07
  1.1727040E-07
  1.1707545E-07
  1.1289611E-07
  1.1226220E-07
  1.1101190E-07
  1.0989693E-07
  1.0744175E-07
  1.0530039E-07
  1.0543971E-07
  1.0190525E-07
  1.0149014E-07
  9.8995564E-08
  9.8268487E-08
  9.6895462E-08
  9.4121404E-08
  9.1780954E-08
  9.2276466E-08
  8.9691817E-08
  8.8764082E-08
  8.6060176E-08
  8.5345860E-08
  8.4101551E-08
  8.2965727E-08
  8.0859017E-08
  7.9659976E-08
  7.8415020E-08
  7.6433231E-08
  7.4785788E-08
  7.3908467E-08
  7.1970163E-08
  7.1003250E-08
  6.8903688E-08
  6.7888379E-08
  6.6546768E-08
  6.5116204E-08
  6.3612916E-08
  6.2472765E-08
  6.2148608E-08
  5.9488233E-08
  5.8637919E-08
  5.6850375E-08
  5.6152107E-08
  5.4331412E-08
  5.3656898E-08
  5.2501608E-08
  5.1048598E-08
  5.0231087E-08
  4.8549779E-08
  4.7311161E-08
  4.6294943E-08
  4.5420670E-08
  4.3708635E-08
  4.2895106E-08
  4.1807336E-08
  4.0936211E-08
  3.9655763E-08
  3.8693290E-08
  3.7949725E-08
  3.6628322E-08
  3.5862371E-08
  3.5089325E-08
  3.4094146E-08
  3.3106559E-08
  3.2374338E-08
  3.1537279E-08
  3.0642447E-08
  2.9699530E-08
  2.9043703E-08
  2.8245390E-08
  2.7385925E-08
  2.6830767E-08
  2.5974687E-08
  2.5401024E-08
  2.4632474E-08
  2.4062931E-08
  2.3246976E-08
  2.2744013E-08
  2.2142345E-08
  2.1626978E-08
  2.0890084E-08
  2.0362819E-08
  1.9932429E-08
  1.9295445E-08
  1.8876241E-08
  1.8301195E-08
  1.7956230E-08
  1.7343234E-08
  1.6915333E-08
  1.6433630E-08
  1.6048155E-08
  1.5699779E-08
  1.5222685E-08
  1.4884667E-08
  1.4631680E-08
  1.4144342E-08
  1.3864704E-08
  1.3475922E-08
  1.3208490E-08
  1.2821933E-08
  1.2567187E-08
  1.2248224E-08
  1.2061938E-08
  1.1685025E-08
  1.1430822E-08
  1.1193534E-08
  1.0977887E-08
  1.0722858E-08
  1.0448949E-08
  1.0368192E-08
  1.0088086E-08
  9.9161239E-09
  9.6289492E-09
  9.5195514E-09
  9.3153689E-09
  9.1292529E-09
  8.9942196E-09
  8.7884091E-09
  8.6605247E-09
  8.5168939E-09
  8.3413418E-09
  8.2434584E-09
  8.1131777E-09
  8.0042168E-09
  7.8724831E-09
  7.7767544E-09
  7.6836146E-09
  7.5779196E-09
  7.4846227E-09
  7.4132709E-09
  7.3156716E-09
  7.2128836E-09
  7.0874382E-09
