   80.01129    
  4.1802908E-25
  7.6272050E-10
  6.7184516E-09
  1.7143527E-08
  6.4841160E-08
  1.7385783E-07
  2.8031261E-07
  5.0255909E-07
  7.1278106E-07
  1.1646332E-06
  1.4374705E-06
  1.6345329E-06
  2.1331268E-06
  2.3893713E-06
  2.6098380E-06
  2.2771092E-06
  2.6340238E-06
  2.4488206E-06
  2.2737886E-06
  1.9007726E-06
  1.7990665E-06
  1.5964901E-06
  1.2903080E-06
  1.0984691E-06
  9.6319582E-07
  8.3880082E-07
  7.3926367E-07
  6.3903082E-07
  5.8814021E-07
  5.2611279E-07
  4.8272972E-07
  4.4987459E-07
  4.1693292E-07
  4.1417186E-07
  3.9610197E-07
  3.6856670E-07
  3.6326631E-07
  3.4720119E-07
  3.4042534E-07
  3.1840477E-07
  3.1887933E-07
  3.1455784E-07
  2.9393908E-07
  2.9602231E-07
  2.8391574E-07
  2.8905180E-07
  2.6807189E-07
  2.6843861E-07
  2.7123750E-07
  2.6093250E-07
  2.5578180E-07
  2.5100843E-07
  2.5371645E-07
  2.4629844E-07
  2.4270562E-07
  2.4030385E-07
  2.3766394E-07
  2.4289562E-07
  2.2938912E-07
  2.2540301E-07
  2.2554067E-07
  2.1921340E-07
  2.2188829E-07
  2.0930543E-07
  2.1717193E-07
  2.1113640E-07
  2.0569455E-07
  2.0761895E-07
  2.0275682E-07
  2.0312422E-07
  1.9941294E-07
  1.9184738E-07
  1.9665400E-07
  1.8666037E-07
  1.9171387E-07
  1.8306825E-07
  1.8356258E-07
  1.8431723E-07
  1.7684009E-07
  1.7775839E-07
  1.7216554E-07
  1.7349191E-07
  1.6820583E-07
  1.6694155E-07
  1.6600063E-07
  1.6481758E-07
  1.6143358E-07
  1.5887355E-07
  1.5663599E-07
  1.5607951E-07
  1.5293288E-07
  1.5076616E-07
  1.4830192E-07
  1.4683590E-07
  1.4455254E-07
  1.4219283E-07
  1.4230885E-07
  1.4036320E-07
  1.4040035E-07
  1.3652682E-07
  1.3426431E-07
  1.3373095E-07
  1.3219667E-07
  1.3085287E-07
  1.2679973E-07
  1.2803338E-07
  1.2446701E-07
  1.2160373E-07
  1.2192898E-07
  1.2120367E-07
  1.1914478E-07
  1.1579728E-07
  1.1662247E-07
  1.1450096E-07
  1.1282948E-07
  1.1125847E-07
  1.1002567E-07
  1.0919300E-07
  1.0628799E-07
  1.0463235E-07
  1.0482560E-07
  1.0287346E-07
  1.0161611E-07
  1.0034493E-07
  9.9156715E-08
  9.9086535E-08
  9.5425186E-08
  9.5091373E-08
  9.4166822E-08
  9.3215803E-08
  9.1078455E-08
  8.9417107E-08
  8.9537615E-08
  8.6592223E-08
  8.6179782E-08
  8.4188756E-08
  8.3529990E-08
  8.2520351E-08
  8.0156823E-08
  7.8096896E-08
  7.8656683E-08
  7.6362170E-08
  7.5548733E-08
  7.3167755E-08
  7.2715366E-08
  7.1523267E-08
  7.0594098E-08
  6.8713838E-08
  6.7742526E-08
  6.6656874E-08
  6.4958385E-08
  6.3457506E-08
  6.2830338E-08
  6.1004130E-08
  6.0185847E-08
  5.8375587E-08
  5.7503140E-08
  5.6309403E-08
  5.5067577E-08
  5.3767685E-08
  5.2696539E-08
  5.2419207E-08
  5.0120594E-08
  4.9364935E-08
  4.7736478E-08
  4.7117805E-08
  4.5519688E-08
  4.4855170E-08
  4.3844850E-08
  4.2607834E-08
  4.1826670E-08
  4.0371638E-08
  3.9281620E-08
  3.8395843E-08
  3.7588034E-08
  3.6083591E-08
  3.5356045E-08
  3.4398397E-08
  3.3601136E-08
  3.2518162E-08
  3.1621592E-08
  3.0949714E-08
  2.9783427E-08
  2.9104200E-08
  2.8461427E-08
  2.7587271E-08
  2.6686603E-08
  2.6094291E-08
  2.5348365E-08
  2.4521285E-08
  2.3730276E-08
  2.3131077E-08
  2.2464294E-08
  2.1682460E-08
  2.1211532E-08
  2.0509043E-08
  1.9954960E-08
  1.9287883E-08
  1.8824529E-08
  1.8125569E-08
  1.7680593E-08
  1.7101884E-08
  1.6676738E-08
  1.6085547E-08
  1.5632356E-08
  1.5231011E-08
  1.4704722E-08
  1.4344185E-08
  1.3833398E-08
  1.3523210E-08
  1.3046953E-08
  1.2653709E-08
  1.2267764E-08
  1.1927132E-08
  1.1624611E-08
  1.1229071E-08
  1.0944624E-08
  1.0739859E-08
  1.0342879E-08
  1.0132766E-08
  9.7793631E-09
  9.5785886E-09
  9.2656460E-09
  9.0605727E-09
  8.7783807E-09
  8.6572189E-09
  8.3365936E-09
  8.1166460E-09
  7.9477998E-09
  7.7644762E-09
  7.5644362E-09
  7.3449318E-09
  7.2723680E-09
  7.0629365E-09
  6.9110797E-09
  6.6836034E-09
  6.6103469E-09
  6.4472632E-09
  6.2899930E-09
  6.1980310E-09
  6.0341430E-09
  5.9228769E-09
  5.7972556E-09
  5.6900511E-09
  5.5941554E-09
  5.4973133E-09
  5.4262830E-09
  5.3012745E-09
  5.2407110E-09
  5.1714308E-09
  5.0869944E-09
  5.0310796E-09
  4.9768989E-09
  4.8842059E-09
  4.8218327E-09
  4.7241984E-09
