   90.01437    
  4.2151796E-25
  7.6429163E-10
  6.7336345E-09
  1.7158554E-08
  6.4780338E-08
  1.7338887E-07
  2.7869970E-07
  4.9783256E-07
  7.0267220E-07
  1.1422725E-06
  1.4006154E-06
  1.5806138E-06
  2.0481964E-06
  2.2734494E-06
  2.4588874E-06
  2.1244546E-06
  2.4343926E-06
  2.2383890E-06
  2.0576929E-06
  1.7020433E-06
  1.5943008E-06
  1.4020201E-06
  1.1246543E-06
  9.5073034E-07
  8.2968592E-07
  7.2109123E-07
  6.3539426E-07
  5.5002562E-07
  5.0912053E-07
  4.5755485E-07
  4.2325746E-07
  3.9740027E-07
  3.7148610E-07
  3.7139640E-07
  3.5772234E-07
  3.3505964E-07
  3.3291039E-07
  3.2002700E-07
  3.1586214E-07
  2.9649547E-07
  2.9841996E-07
  2.9568903E-07
  2.7682481E-07
  2.8032801E-07
  2.6973319E-07
  2.7561413E-07
  2.5586061E-07
  2.5691659E-07
  2.6049858E-07
  2.5085959E-07
  2.4619052E-07
  2.4235504E-07
  2.4533816E-07
  2.3845845E-07
  2.3536893E-07
  2.3344285E-07
  2.3106455E-07
  2.3655625E-07
  2.2346931E-07
  2.1976913E-07
  2.2003452E-07
  2.1406210E-07
  2.1692394E-07
  2.0462718E-07
  2.1260333E-07
  2.0667058E-07
  2.0146480E-07
  2.0353772E-07
  1.9891657E-07
  1.9932848E-07
  1.9587613E-07
  1.8845481E-07
  1.9327447E-07
  1.8350505E-07
  1.8859760E-07
  1.8012588E-07
  1.8064469E-07
  1.8130883E-07
  1.7416167E-07
  1.7511169E-07
  1.6946045E-07
  1.7094854E-07
  1.6566078E-07
  1.6447007E-07
  1.6357228E-07
  1.6215438E-07
  1.5904408E-07
  1.5663704E-07
  1.5435916E-07
  1.5376982E-07
  1.5083833E-07
  1.4852922E-07
  1.4618936E-07
  1.4463664E-07
  1.4258357E-07
  1.4037090E-07
  1.4051426E-07
  1.3851323E-07
  1.3857999E-07
  1.3483326E-07
  1.3264460E-07
  1.3211705E-07
  1.3060153E-07
  1.2923823E-07
  1.2526267E-07
  1.2658367E-07
  1.2299279E-07
  1.2015749E-07
  1.2039580E-07
  1.1984685E-07
  1.1763611E-07
  1.1435521E-07
  1.1511667E-07
  1.1316529E-07
  1.1144275E-07
  1.0999941E-07
  1.0873137E-07
  1.0804547E-07
  1.0514956E-07
  1.0353678E-07
  1.0379296E-07
  1.0174895E-07
  1.0050347E-07
  9.9303854E-08
  9.8077862E-08
  9.8091974E-08
  9.4440956E-08
  9.4160590E-08
  9.3220862E-08
  9.2278036E-08
  9.0154956E-08
  8.8526136E-08
  8.8685582E-08
  8.5768797E-08
  8.5395712E-08
  8.3392749E-08
  8.2707231E-08
  8.1653141E-08
  7.9334548E-08
  7.7299013E-08
  7.7821674E-08
  7.5583955E-08
  7.4680059E-08
  7.2334657E-08
  7.1952286E-08
  7.0803026E-08
  6.9873565E-08
  6.8056515E-08
  6.6947102E-08
  6.5948818E-08
  6.4316346E-08
  6.2829599E-08
  6.2209864E-08
  6.0373786E-08
  5.9529057E-08
  5.7783328E-08
  5.6929871E-08
  5.5704795E-08
  5.4485621E-08
  5.3230814E-08
  5.2174396E-08
  5.1913794E-08
  4.9601365E-08
  4.8846974E-08
  4.7272586E-08
  4.6649738E-08
  4.5074973E-08
  4.4404320E-08
  4.3391225E-08
  4.2177188E-08
  4.1360966E-08
  3.9943586E-08
  3.8860684E-08
  3.7959648E-08
  3.7150599E-08
  3.5675711E-08
  3.4962046E-08
  3.3994549E-08
  3.3212746E-08
  3.2163559E-08
  3.1220967E-08
  3.0590691E-08
  2.9442331E-08
  2.8774370E-08
  2.8126358E-08
  2.7262889E-08
  2.6346861E-08
  2.5763947E-08
  2.5033467E-08
  2.4210815E-08
  2.3424549E-08
  2.2818291E-08
  2.2159261E-08
  2.1396342E-08
  2.0923972E-08
  2.0218982E-08
  1.9696762E-08
  1.9043307E-08
  1.8574422E-08
  1.7870978E-08
  1.7436006E-08
  1.6869560E-08
  1.6443183E-08
  1.5855507E-08
  1.5408100E-08
  1.5019543E-08
  1.4505786E-08
  1.4148552E-08
  1.3641235E-08
  1.3341696E-08
  1.2864063E-08
  1.2473185E-08
  1.2104750E-08
  1.1762013E-08
  1.1449979E-08
  1.1048893E-08
  1.0762816E-08
  1.0553250E-08
  1.0168242E-08
  9.9550252E-09
  9.6103792E-09
  9.4071551E-09
  9.0919992E-09
  8.8889260E-09
  8.6171319E-09
  8.4931457E-09
  8.1763183E-09
  7.9642595E-09
  7.7922309E-09
  7.6160793E-09
  7.4195636E-09
  7.1997825E-09
  7.1314146E-09
  6.9302777E-09
  6.7764625E-09
  6.5485239E-09
  6.4786634E-09
  6.3195249E-09
  6.1658576E-09
  6.0797398E-09
  5.9186309E-09
  5.8126171E-09
  5.6865797E-09
  5.5785336E-09
  5.4889471E-09
  5.3938569E-09
  5.3121303E-09
  5.1928017E-09
  5.1361186E-09
  5.0672697E-09
  4.9799223E-09
  4.9184927E-09
  4.8608526E-09
  4.7787792E-09
  4.7192867E-09
  4.6213002E-09
