   6.003314    
  3.9632658E-25
  5.1950777E-10
  5.1066218E-09
  1.3362019E-08
  5.2048424E-08
  1.3652820E-07
  2.3321390E-07
  4.1836171E-07
  6.3751054E-07
  1.1074712E-06
  1.4719868E-06
  1.8593902E-06
  2.6368114E-06
  3.4383327E-06
  4.4058793E-06
  4.5449642E-06
  6.1594915E-06
  7.0047167E-06
  7.9142401E-06
  8.0385153E-06
  9.2342789E-06
  9.7748525E-06
  9.5872201E-06
  9.9552180E-06
  9.7995016E-06
  9.8551745E-06
  9.6024642E-06
  8.7782173E-06
  8.3986879E-06
  7.8660614E-06
  7.2054322E-06
  6.7154374E-06
  6.0943221E-06
  6.0107614E-06
  5.6576278E-06
  5.2237333E-06
  5.0649419E-06
  4.6894897E-06
  4.5388524E-06
  4.2637548E-06
  4.1807825E-06
  4.0610762E-06
  3.8137896E-06
  3.7452005E-06
  3.4879429E-06
  3.4502946E-06
  3.2498465E-06
  3.1317616E-06
  3.0577837E-06
  2.9871676E-06
  2.8505917E-06
  2.6927255E-06
  2.6353930E-06
  2.5253173E-06
  2.4182734E-06
  2.3219279E-06
  2.2559921E-06
  2.2139156E-06
  2.0937075E-06
  2.0159382E-06
  1.9847018E-06
  1.8869800E-06
  1.8417692E-06
  1.7312395E-06
  1.7089831E-06
  1.6791054E-06
  1.5986961E-06
  1.5680559E-06
  1.4964850E-06
  1.4767996E-06
  1.4019994E-06
  1.3614075E-06
  1.3487073E-06
  1.2871533E-06
  1.2706566E-06
  1.1914625E-06
  1.1812880E-06
  1.1530620E-06
  1.0965703E-06
  1.0773266E-06
  1.0464593E-06
  1.0302838E-06
  9.9515228E-07
  9.6742258E-07
  9.3570407E-07
  9.2481673E-07
  8.9701996E-07
  8.6862411E-07
  8.4728651E-07
  8.2846566E-07
  8.1186607E-07
  7.8103085E-07
  7.6540732E-07
  7.4486110E-07
  7.2757211E-07
  7.0314201E-07
  6.9282629E-07
  6.8296481E-07
  6.6832655E-07
  6.4260234E-07
  6.3439489E-07
  6.1620608E-07
  6.0674842E-07
  5.9097061E-07
  5.6603926E-07
  5.7239856E-07
  5.4949908E-07
  5.3544784E-07
  5.2545965E-07
  5.1841891E-07
  5.0291072E-07
  4.8694415E-07
  4.8325109E-07
  4.7182002E-07
  4.6156978E-07
  4.4872306E-07
  4.4258036E-07
  4.3548999E-07
  4.2016234E-07
  4.1170250E-07
  4.0737439E-07
  3.9832713E-07
  3.8924571E-07
  3.8221626E-07
  3.7347505E-07
  3.6960103E-07
  3.5495546E-07
  3.5146724E-07
  3.4275277E-07
  3.3917635E-07
  3.2794523E-07
  3.2111251E-07
  3.1880990E-07
  3.0803560E-07
  3.0444460E-07
  2.9457075E-07
  2.9167020E-07
  2.8699580E-07
  2.7771395E-07
  2.7130599E-07
  2.6921418E-07
  2.6239343E-07
  2.5885328E-07
  2.4895229E-07
  2.4639837E-07
  2.4188316E-07
  2.3746830E-07
  2.3144479E-07
  2.2658665E-07
  2.2274820E-07
  2.1675099E-07
  2.1084828E-07
  2.0827123E-07
  2.0363302E-07
  1.9988191E-07
  1.9349727E-07
  1.9039223E-07
  1.8707794E-07
  1.8229186E-07
  1.7750924E-07
  1.7458372E-07
  1.7209706E-07
  1.6556177E-07
  1.6363873E-07
  1.5828225E-07
  1.5648219E-07
  1.5093995E-07
  1.4923158E-07
  1.4550940E-07
  1.4144658E-07
  1.4020257E-07
  1.3516102E-07
  1.3229166E-07
  1.2915532E-07
  1.2716625E-07
  1.2260982E-07
  1.2076154E-07
  1.1757658E-07
  1.1544127E-07
  1.1194090E-07
  1.0927457E-07
  1.0720215E-07
  1.0407199E-07
  1.0176591E-07
  9.9338912E-08
  9.7293849E-08
  9.4370527E-08
  9.2497409E-08
  9.0261977E-08
  8.7829179E-08
  8.5178968E-08
  8.3903451E-08
  8.1446188E-08
  7.9308613E-08
  7.7861706E-08
  7.5602244E-08
  7.4101379E-08
  7.1881431E-08
  7.0291307E-08
  6.8201366E-08
  6.6729775E-08
  6.5232548E-08
  6.3792811E-08
  6.2084851E-08
  6.0657946E-08
  5.9496259E-08
  5.7521241E-08
  5.6390437E-08
  5.5015537E-08
  5.3942539E-08
  5.2337452E-08
  5.1025886E-08
  4.9807511E-08
  4.8582134E-08
  4.7512970E-08
  4.6046811E-08
  4.5057075E-08
  4.4371426E-08
  4.2954017E-08
  4.2160874E-08
  4.1025114E-08
  4.0384759E-08
  3.9266745E-08
  3.8397157E-08
  3.7407911E-08
  3.6876500E-08
  3.5886860E-08
  3.5037775E-08
  3.4320401E-08
  3.3610213E-08
  3.2748535E-08
  3.1861287E-08
  3.1462260E-08
  3.0770384E-08
  3.0307252E-08
  2.9362385E-08
  2.9022914E-08
  2.8405559E-08
  2.7781475E-08
  2.7373813E-08
  2.6766735E-08
  2.6317688E-08
  2.5841679E-08
  2.5391509E-08
  2.4985892E-08
  2.4468626E-08
  2.3957558E-08
  2.3415192E-08
  2.3150843E-08
  2.2929431E-08
  2.2592435E-08
  2.2270884E-08
  2.2063743E-08
  2.1720664E-08
  2.1342418E-08
  2.0994259E-08
