   70.00098    
  4.1381321E-25
  7.6027745E-10
  6.6970287E-09
  1.7115998E-08
  6.4855321E-08
  1.7414891E-07
  2.8166801E-07
  5.0688442E-07
  7.2266545E-07
  1.1869587E-06
  1.4752477E-06
  1.6913012E-06
  2.2234501E-06
  2.5149575E-06
  2.7766614E-06
  2.4483202E-06
  2.8610384E-06
  2.6917994E-06
  2.5271943E-06
  2.1366084E-06
  2.0454604E-06
  1.8334672E-06
  1.4942132E-06
  1.2824560E-06
  1.1309318E-06
  9.8802980E-07
  8.7213897E-07
  7.5353734E-07
  6.9048855E-07
  6.1532933E-07
  5.6076692E-07
  5.1885689E-07
  4.7696875E-07
  4.7099081E-07
  4.4738138E-07
  4.1357637E-07
  4.0416160E-07
  3.8392977E-07
  3.7372149E-07
  3.4816506E-07
  3.4672374E-07
  3.4034795E-07
  3.1740637E-07
  3.1751466E-07
  3.0332470E-07
  3.0752639E-07
  2.8486104E-07
  2.8422826E-07
  2.8596338E-07
  2.7471665E-07
  2.6893076E-07
  2.6285147E-07
  2.6513064E-07
  2.5700766E-07
  2.5271984E-07
  2.4963981E-07
  2.4667375E-07
  2.5154310E-07
  2.3740031E-07
  2.3304389E-07
  2.3299613E-07
  2.2620546E-07
  2.2861126E-07
  2.1567260E-07
  2.2335790E-07
  2.1718967E-07
  2.1143688E-07
  2.1312243E-07
  2.0799382E-07
  2.0825381E-07
  2.0427785E-07
  1.9650903E-07
  2.0120989E-07
  1.9093190E-07
  1.9598008E-07
  1.8719770E-07
  1.8752365E-07
  1.8820577E-07
  1.8050558E-07
  1.8143162E-07
  1.7569788E-07
  1.7706427E-07
  1.7156661E-07
  1.7013105E-07
  1.6920765E-07
  1.6788306E-07
  1.6442591E-07
  1.6180562E-07
  1.5959463E-07
  1.5889155E-07
  1.5582182E-07
  1.5351692E-07
  1.5093556E-07
  1.4934788E-07
  1.4712943E-07
  1.4472975E-07
  1.4474384E-07
  1.4273014E-07
  1.4263462E-07
  1.3852953E-07
  1.3632669E-07
  1.3575405E-07
  1.3414871E-07
  1.3280248E-07
  1.2864166E-07
  1.2995973E-07
  1.2630059E-07
  1.2341732E-07
  1.2377747E-07
  1.2303516E-07
  1.2075277E-07
  1.1746295E-07
  1.1817560E-07
  1.1609941E-07
  1.1423929E-07
  1.1255622E-07
  1.1152045E-07
  1.1067962E-07
  1.0763452E-07
  1.0600262E-07
  1.0620996E-07
  1.0420727E-07
  1.0290240E-07
  1.0166388E-07
  1.0040948E-07
  1.0023734E-07
  9.6532482E-08
  9.6229236E-08
  9.5182045E-08
  9.4263456E-08
  9.2080377E-08
  9.0410040E-08
  9.0518547E-08
  8.7539220E-08
  8.7156039E-08
  8.5124675E-08
  8.4503526E-08
  8.3449528E-08
  8.1058971E-08
  7.8985316E-08
  7.9548286E-08
  7.7228471E-08
  7.6385348E-08
  7.4018281E-08
  7.3579741E-08
  7.2358880E-08
  7.1405992E-08
  6.9520098E-08
  6.8500128E-08
  6.7398368E-08
  6.5776241E-08
  6.4241320E-08
  6.3649289E-08
  6.1781293E-08
  6.0946128E-08
  5.9127920E-08
  5.8220394E-08
  5.7017896E-08
  5.5774823E-08
  5.4444509E-08
  5.3419026E-08
  5.3136478E-08
  5.0740027E-08
  4.9983512E-08
  4.8335441E-08
  4.7709630E-08
  4.6110934E-08
  4.5447585E-08
  4.4432525E-08
  4.3187086E-08
  4.2393783E-08
  4.0948279E-08
  3.9876031E-08
  3.8963950E-08
  3.8136307E-08
  3.6638795E-08
  3.5904165E-08
  3.4952311E-08
  3.4137990E-08
  3.3054206E-08
  3.2103742E-08
  3.1453524E-08
  3.0299564E-08
  2.9607543E-08
  2.8948596E-08
  2.8070419E-08
  2.7138130E-08
  2.6558153E-08
  2.5797045E-08
  2.4960377E-08
  2.4165804E-08
  2.3542164E-08
  2.2871367E-08
  2.2090708E-08
  2.1616366E-08
  2.0867889E-08
  2.0342046E-08
  1.9661009E-08
  1.9213523E-08
  1.8487672E-08
  1.8042929E-08
  1.7465243E-08
  1.7042472E-08
  1.6436239E-08
  1.5975928E-08
  1.5587718E-08
  1.5048403E-08
  1.4692668E-08
  1.4171394E-08
  1.3871362E-08
  1.3369139E-08
  1.2977196E-08
  1.2596433E-08
  1.2252184E-08
  1.1943213E-08
  1.1531361E-08
  1.1240451E-08
  1.1037129E-08
  1.0635171E-08
  1.0412545E-08
  1.0063615E-08
  9.8516413E-09
  9.5254062E-09
  9.3162287E-09
  9.0375147E-09
  8.9074454E-09
  8.5929086E-09
  8.3600611E-09
  8.1969578E-09
  8.0139415E-09
  7.8075040E-09
  7.5805868E-09
  7.5133553E-09
  7.2985786E-09
  7.1367574E-09
  6.9077766E-09
  6.8273902E-09
  6.6699650E-09
  6.5129035E-09
  6.4191963E-09
  6.2556937E-09
  6.1451915E-09
  6.0182295E-09
  5.9034586E-09
  5.8113456E-09
  5.7037624E-09
  5.6318461E-09
  5.5019340E-09
  5.4370570E-09
  5.3635163E-09
  5.2755516E-09
  5.2126699E-09
  5.1568403E-09
  5.0630717E-09
  4.9934754E-09
  4.8913109E-09
