   2.000690    
  3.8021035E-25
  3.8131068E-10
  4.3448805E-09
  1.1105533E-08
  4.1782062E-08
  1.0468245E-07
  1.8580533E-07
  3.3171824E-07
  5.2616360E-07
  9.2017967E-07
  1.2506889E-06
  1.5913766E-06
  2.3314103E-06
  3.1624411E-06
  4.2271599E-06
  4.4622657E-06
  6.3351868E-06
  7.6687647E-06
  9.3460376E-06
  1.0051037E-05
  1.2123128E-05
  1.3916755E-05
  1.4582281E-05
  1.6367056E-05
  1.7538063E-05
  1.8883671E-05
  2.0159945E-05
  1.9457795E-05
  2.0035957E-05
  1.9525643E-05
  1.8771017E-05
  1.8026281E-05
  1.6496770E-05
  1.5935773E-05
  1.4923434E-05
  1.3543251E-05
  1.2622489E-05
  1.1506216E-05
  1.1094455E-05
  1.0001267E-05
  9.8286409E-06
  9.4144334E-06
  8.6101099E-06
  8.3949890E-06
  8.0143327E-06
  7.9370402E-06
  7.3854562E-06
  7.1390928E-06
  7.0196552E-06
  6.8627714E-06
  6.5466620E-06
  6.3232815E-06
  6.2061677E-06
  5.9614285E-06
  5.7866387E-06
  5.5869896E-06
  5.4154598E-06
  5.3237491E-06
  5.0182994E-06
  4.8958268E-06
  4.8240777E-06
  4.6414179E-06
  4.4974136E-06
  4.2758752E-06
  4.2274596E-06
  4.1699486E-06
  3.9214478E-06
  3.8678409E-06
  3.7225891E-06
  3.6876424E-06
  3.4940772E-06
  3.3756612E-06
  3.3665951E-06
  3.2542835E-06
  3.1761685E-06
  3.0085785E-06
  2.9551998E-06
  2.8652275E-06
  2.7594642E-06
  2.7306151E-06
  2.6304344E-06
  2.5672734E-06
  2.4743517E-06
  2.3870377E-06
  2.3256616E-06
  2.2950996E-06
  2.2202439E-06
  2.1372164E-06
  2.0793877E-06
  2.0372595E-06
  1.9925617E-06
  1.9167771E-06
  1.8623572E-06
  1.8133533E-06
  1.7559742E-06
  1.7018996E-06
  1.6727572E-06
  1.6373609E-06
  1.6073716E-06
  1.5253954E-06
  1.5052683E-06
  1.4645242E-06
  1.4325678E-06
  1.3921107E-06
  1.3271633E-06
  1.3301941E-06
  1.2771267E-06
  1.2479003E-06
  1.2123529E-06
  1.1952080E-06
  1.1538049E-06
  1.1136443E-06
  1.0961292E-06
  1.0689718E-06
  1.0459497E-06
  1.0079390E-06
  9.9783404E-07
  9.6850761E-07
  9.3596771E-07
  9.1704430E-07
  8.9681828E-07
  8.7459836E-07
  8.5149532E-07
  8.3433503E-07
  8.0974860E-07
  7.9923262E-07
  7.6679532E-07
  7.5089241E-07
  7.3078746E-07
  7.2329624E-07
  7.0086878E-07
  6.7573581E-07
  6.7138251E-07
  6.5026308E-07
  6.3789952E-07
  6.1538145E-07
  6.0540890E-07
  5.9347582E-07
  5.7513392E-07
  5.5757840E-07
  5.5030296E-07
  5.3752149E-07
  5.2561626E-07
  5.0435074E-07
  4.9812235E-07
  4.8826348E-07
  4.7594600E-07
  4.6360873E-07
  4.5310256E-07
  4.4313893E-07
  4.2959178E-07
  4.1735976E-07
  4.0928339E-07
  4.0021064E-07
  3.9169365E-07
  3.7805171E-07
  3.7276720E-07
  3.6351301E-07
  3.5365269E-07
  3.4383470E-07
  3.3806944E-07
  3.3205112E-07
  3.1896212E-07
  3.1527071E-07
  3.0442598E-07
  3.0024020E-07
  2.8909238E-07
  2.8510902E-07
  2.7728123E-07
  2.7065212E-07
  2.6599508E-07
  2.5646511E-07
  2.5128915E-07
  2.4526918E-07
  2.4057417E-07
  2.3150082E-07
  2.2784704E-07
  2.2167600E-07
  2.1683783E-07
  2.1091930E-07
  2.0552069E-07
  2.0173140E-07
  1.9474210E-07
  1.9041819E-07
  1.8617095E-07
  1.8196526E-07
  1.7744384E-07
  1.7317153E-07
  1.6956388E-07
  1.6431500E-07
  1.5930878E-07
  1.5714009E-07
  1.5289248E-07
  1.4855425E-07
  1.4578795E-07
  1.4160993E-07
  1.3853024E-07
  1.3464404E-07
  1.3156414E-07
  1.2752656E-07
  1.2454123E-07
  1.2239614E-07
  1.1944076E-07
  1.1616479E-07
  1.1361566E-07
  1.1114450E-07
  1.0723413E-07
  1.0542934E-07
  1.0287460E-07
  1.0072941E-07
  9.7727714E-08
  9.5309026E-08
  9.2879091E-08
  9.0834433E-08
  8.8744230E-08
  8.6083844E-08
  8.4323325E-08
  8.2998220E-08
  8.0324412E-08
  7.8992691E-08
  7.7049656E-08
  7.6046589E-08
  7.3568323E-08
  7.2150520E-08
  7.0396581E-08
  6.9488117E-08
  6.7684617E-08
  6.6120094E-08
  6.4737186E-08
  6.3327114E-08
  6.1678662E-08
  6.0090443E-08
  5.9396790E-08
  5.8007515E-08
  5.7132400E-08
  5.5461125E-08
  5.4831208E-08
  5.3588074E-08
  5.2483344E-08
  5.1727874E-08
  5.0493647E-08
  4.9801848E-08
  4.8720072E-08
  4.7841919E-08
  4.7163262E-08
  4.6168182E-08
  4.5221043E-08
  4.4315204E-08
  4.3933721E-08
  4.3316380E-08
  4.2661867E-08
  4.2193545E-08
  4.1702823E-08
  4.1057373E-08
  4.0535781E-08
  3.9876639E-08
