   1.013855    
  3.5777882E-25
  3.2662212E-10
  4.0429731E-09
  1.0227034E-08
  3.8367727E-08
  9.5363255E-08
  1.6901259E-07
  3.0662011E-07
  4.9228362E-07
  8.7470590E-07
  1.2011274E-06
  1.5424021E-06
  2.2790907E-06
  3.1377549E-06
  4.2640045E-06
  4.5814004E-06
  6.6056446E-06
  8.1827557E-06
  1.0303380E-05
  1.1221384E-05
  1.3711546E-05
  1.6315422E-05
  1.7524519E-05
  2.0214011E-05
  2.2448086E-05
  2.4751018E-05
  2.7439382E-05
  2.7217755E-05
  2.9075780E-05
  2.8860179E-05
  2.8764063E-05
  2.8343553E-05
  2.6550744E-05
  2.5792768E-05
  2.4587991E-05
  2.2142431E-05
  2.0800149E-05
  1.9057510E-05
  1.8290704E-05
  1.6231481E-05
  1.5566455E-05
  1.4830981E-05
  1.3219724E-05
  1.2661261E-05
  1.1836521E-05
  1.1575773E-05
  1.0550528E-05
  1.0143941E-05
  9.8769142E-06
  9.4437446E-06
  9.0158846E-06
  8.6646996E-06
  8.4888925E-06
  8.1421003E-06
  7.8683861E-06
  7.6852875E-06
  7.4587479E-06
  7.4418995E-06
  7.0566589E-06
  6.8570935E-06
  6.8618278E-06
  6.6076295E-06
  6.5287486E-06
  6.1791784E-06
  6.2095701E-06
  6.1434498E-06
  5.8522128E-06
  5.7986013E-06
  5.5583419E-06
  5.5757455E-06
  5.3083413E-06
  5.1703232E-06
  5.1167003E-06
  4.9573796E-06
  4.8825946E-06
  4.6492646E-06
  4.5630477E-06
  4.4567537E-06
  4.2721008E-06
  4.2096694E-06
  4.0645127E-06
  3.9776824E-06
  3.8485582E-06
  3.7470159E-06
  3.6198344E-06
  3.5485223E-06
  3.4457951E-06
  3.2891560E-06
  3.2450014E-06
  3.1504446E-06
  3.0764704E-06
  2.9524422E-06
  2.8829122E-06
  2.7959582E-06
  2.7215331E-06
  2.6234561E-06
  2.5686320E-06
  2.5092893E-06
  2.4682611E-06
  2.3465157E-06
  2.2934651E-06
  2.2349618E-06
  2.1776516E-06
  2.1362475E-06
  2.0252307E-06
  2.0367024E-06
  1.9420872E-06
  1.8894841E-06
  1.8387585E-06
  1.8176561E-06
  1.7514342E-06
  1.6860887E-06
  1.6643959E-06
  1.6139984E-06
  1.5754787E-06
  1.5189723E-06
  1.4926501E-06
  1.4502430E-06
  1.3993226E-06
  1.3679715E-06
  1.3372658E-06
  1.3084733E-06
  1.2671850E-06
  1.2368967E-06
  1.2074806E-06
  1.1847743E-06
  1.1335313E-06
  1.1134955E-06
  1.0824875E-06
  1.0643950E-06
  1.0306076E-06
  9.9835040E-07
  9.8877263E-07
  9.4603297E-07
  9.3879135E-07
  9.0220465E-07
  8.8926157E-07
  8.7140165E-07
  8.4018382E-07
  8.1417204E-07
  8.0320501E-07
  7.7975432E-07
  7.6303655E-07
  7.3518987E-07
  7.2123680E-07
  7.0519064E-07
  6.8904694E-07
  6.6870587E-07
  6.5181268E-07
  6.3820869E-07
  6.1975811E-07
  6.0035973E-07
  5.8852686E-07
  5.7439598E-07
  5.6225332E-07
  5.4136137E-07
  5.3161540E-07
  5.2121283E-07
  5.0712129E-07
  4.9174480E-07
  4.8191964E-07
  4.7456194E-07
  4.5550632E-07
  4.4825174E-07
  4.3213700E-07
  4.2686963E-07
  4.1065101E-07
  4.0646094E-07
  3.9593209E-07
  3.8435246E-07
  3.7763459E-07
  3.6382991E-07
  3.5661338E-07
  3.4712417E-07
  3.4071095E-07
  3.2894874E-07
  3.2272843E-07
  3.1440166E-07
  3.0703578E-07
  2.9878851E-07
  2.9172077E-07
  2.8491348E-07
  2.7626413E-07
  2.7015599E-07
  2.6334973E-07
  2.5756091E-07
  2.5016863E-07
  2.4459212E-07
  2.3934277E-07
  2.3305368E-07
  2.2581908E-07
  2.2176363E-07
  2.1642499E-07
  2.1047057E-07
  2.0653007E-07
  2.0023603E-07
  1.9640611E-07
  1.9029747E-07
  1.8629622E-07
  1.8134587E-07
  1.7724895E-07
  1.7319788E-07
  1.6953788E-07
  1.6428454E-07
  1.6117886E-07
  1.5816683E-07
  1.5276791E-07
  1.5018458E-07
  1.4653700E-07
  1.4344266E-07
  1.3963756E-07
  1.3654420E-07
  1.3314902E-07
  1.3034132E-07
  1.2709465E-07
  1.2364032E-07
  1.2071574E-07
  1.1899824E-07
  1.1564404E-07
  1.1354049E-07
  1.1093634E-07
  1.0943629E-07
  1.0579672E-07
  1.0392079E-07
  1.0142222E-07
  1.0023971E-07
  9.7763028E-08
  9.5490662E-08
  9.3505662E-08
  9.1890300E-08
  8.9374538E-08
  8.7313786E-08
  8.6294321E-08
  8.4179142E-08
  8.3060762E-08
  8.0692715E-08
  8.0062733E-08
  7.8188755E-08
  7.6632624E-08
  7.5468748E-08
  7.3923090E-08
  7.2876084E-08
  7.1688817E-08
  7.0251694E-08
  6.9275217E-08
  6.7926216E-08
  6.6680194E-08
  6.5624079E-08
  6.4751582E-08
  6.3922577E-08
  6.2974586E-08
  6.2494848E-08
  6.1694131E-08
  6.0785176E-08
  6.0018579E-08
  5.9135552E-08
