   100.0000    
  4.4128070E-25
  7.6531681E-10
  6.7435297E-09
  1.7165226E-08
  6.4682965E-08
  1.7280141E-07
  2.7693002E-07
  4.9288116E-07
  6.9253855E-07
  1.1202128E-06
  1.3649662E-06
  1.5296127E-06
  1.9686158E-06
  2.1665421E-06
  2.3219104E-06
  1.9877684E-06
  2.2577824E-06
  2.0548091E-06
  1.8717857E-06
  1.5328854E-06
  1.4221005E-06
  1.2402938E-06
  9.8813814E-07
  8.3024156E-07
  7.2176209E-07
  6.2667618E-07
  5.5277638E-07
  4.7966597E-07
  4.4699175E-07
  4.0392669E-07
  3.7704439E-07
  3.5669015E-07
  3.3640697E-07
  3.3853391E-07
  3.2836726E-07
  3.0960143E-07
  3.0985856E-07
  2.9945880E-07
  2.9729475E-07
  2.7996205E-07
  2.8298757E-07
  2.8150177E-07
  2.6397490E-07
  2.6854744E-07
  2.5905408E-07
  2.6552038E-07
  2.4668057E-07
  2.4825056E-07
  2.5242196E-07
  2.4326738E-07
  2.3896621E-07
  2.3581586E-07
  2.3899867E-07
  2.3251441E-07
  2.2981084E-07
  2.2823393E-07
  2.2604472E-07
  2.3173027E-07
  2.1895804E-07
  2.1545969E-07
  2.1583415E-07
  2.1012114E-07
  2.1312476E-07
  2.0105705E-07
  2.0909295E-07
  2.0323050E-07
  1.9818100E-07
  2.0037342E-07
  1.9591985E-07
  1.9636782E-07
  1.9309437E-07
  1.8579267E-07
  1.9062848E-07
  1.8101045E-07
  1.8612164E-07
  1.7777434E-07
  1.7835889E-07
  1.7924229E-07
  1.7205966E-07
  1.7318978E-07
  1.6767785E-07
  1.6917188E-07
  1.6398626E-07
  1.6280168E-07
  1.6207488E-07
  1.6083867E-07
  1.5755090E-07
  1.5517713E-07
  1.5300979E-07
  1.5253858E-07
  1.4965735E-07
  1.4758325E-07
  1.4526553E-07
  1.4372725E-07
  1.4151260E-07
  1.3930453E-07
  1.3950878E-07
  1.3746656E-07
  1.3755185E-07
  1.3373032E-07
  1.3160921E-07
  1.3105353E-07
  1.2965998E-07
  1.2839665E-07
  1.2440471E-07
  1.2568950E-07
  1.2226005E-07
  1.1936542E-07
  1.1978197E-07
  1.1919157E-07
  1.1715443E-07
  1.1382138E-07
  1.1461709E-07
  1.1261973E-07
  1.1087095E-07
  1.0938150E-07
  1.0828232E-07
  1.0749510E-07
  1.0456956E-07
  1.0298761E-07
  1.0319630E-07
  1.0121884E-07
  1.0000064E-07
  9.8866110E-08
  9.7595517E-08
  9.7529394E-08
  9.3903836E-08
  9.3567849E-08
  9.2637656E-08
  9.1785736E-08
  8.9603965E-08
  8.7932719E-08
  8.8018659E-08
  8.5169241E-08
  8.4830710E-08
  8.2830333E-08
  8.2206938E-08
  8.1219227E-08
  7.8878166E-08
  7.6875672E-08
  7.7430855E-08
  7.5137578E-08
  7.4382321E-08
  7.2014075E-08
  7.1639860E-08
  7.0454867E-08
  6.9494341E-08
  6.7659130E-08
  6.6717313E-08
  6.5630132E-08
  6.3999046E-08
  6.2474889E-08
  6.1863041E-08
  6.0052145E-08
  5.9219172E-08
  5.7443692E-08
  5.6580518E-08
  5.5379839E-08
  5.4167707E-08
  5.2901076E-08
  5.1840992E-08
  5.1589904E-08
  4.9272504E-08
  4.8519315E-08
  4.6879840E-08
  4.6275684E-08
  4.4733689E-08
  4.4055518E-08
  4.3075566E-08
  4.1864581E-08
  4.1070994E-08
  3.9653340E-08
  3.8565908E-08
  3.7678589E-08
  3.6872891E-08
  3.5429103E-08
  3.4690430E-08
  3.3737642E-08
  3.2928675E-08
  3.1881992E-08
  3.0992723E-08
  3.0340072E-08
  2.9191458E-08
  2.8507632E-08
  2.7857878E-08
  2.7016711E-08
  2.6113050E-08
  2.5538911E-08
  2.4812380E-08
  2.3976222E-08
  2.3206852E-08
  2.2599389E-08
  2.1942984E-08
  2.1178263E-08
  2.0706807E-08
  1.9998385E-08
  1.9458563E-08
  1.8803750E-08
  1.8353139E-08
  1.7651354E-08
  1.7220211E-08
  1.6647537E-08
  1.6228666E-08
  1.5642343E-08
  1.5205130E-08
  1.4813461E-08
  1.4298466E-08
  1.3939894E-08
  1.3438182E-08
  1.3134290E-08
  1.2663154E-08
  1.2280848E-08
  1.1900029E-08
  1.1569498E-08
  1.1269835E-08
  1.0881554E-08
  1.0604913E-08
  1.0394946E-08
  1.0012458E-08
  9.7992272E-09
  9.4604111E-09
  9.2591268E-09
  8.9430205E-09
  8.7464880E-09
  8.4765075E-09
  8.3550953E-09
  8.0406801E-09
  7.8223072E-09
  7.6593052E-09
  7.4761148E-09
  7.2815944E-09
  7.0695809E-09
  6.9944028E-09
  6.7918706E-09
  6.6404668E-09
  6.4178161E-09
  6.3526726E-09
  6.1931553E-09
  6.0389662E-09
  5.9501404E-09
  5.7943521E-09
  5.6899574E-09
  5.5582348E-09
  5.4500919E-09
  5.3657181E-09
  5.2722631E-09
  5.1909850E-09
  5.0751532E-09
  5.0205449E-09
  4.9494417E-09
  4.8683049E-09
  4.8041020E-09
  4.7512287E-09
  4.6715032E-09
  4.6075783E-09
  4.5085780E-09
