   8.012673    
  4.2277368E-25
  5.6148985E-10
  5.4703895E-09
  1.4261861E-08
  5.5270998E-08
  1.4739791E-07
  2.4539693E-07
  4.4297599E-07
  6.7075393E-07
  1.1586144E-06
  1.5403805E-06
  1.9341203E-06
  2.7203948E-06
  3.4854629E-06
  4.4044973E-06
  4.4696490E-06
  5.9610466E-06
  6.6537750E-06
  7.3531273E-06
  7.3033930E-06
  8.2357483E-06
  8.5436277E-06
  8.1386506E-06
  8.2451634E-06
  7.9686997E-06
  7.8683561E-06
  7.4931627E-06
  6.7887536E-06
  6.4890069E-06
  5.9778649E-06
  5.4887050E-06
  5.0756425E-06
  4.6481700E-06
  4.5333031E-06
  4.2691649E-06
  3.9483702E-06
  3.8286967E-06
  3.5485261E-06
  3.4126492E-06
  3.2083440E-06
  3.1333445E-06
  3.0215826E-06
  2.8279942E-06
  2.7559738E-06
  2.5676115E-06
  2.5408233E-06
  2.3852626E-06
  2.2856409E-06
  2.2443098E-06
  2.1444798E-06
  2.0507339E-06
  1.9474351E-06
  1.9044415E-06
  1.8120826E-06
  1.7305864E-06
  1.6677999E-06
  1.6234865E-06
  1.5941862E-06
  1.5117213E-06
  1.4434654E-06
  1.4186295E-06
  1.3553670E-06
  1.3228282E-06
  1.2427312E-06
  1.2307820E-06
  1.2105105E-06
  1.1459438E-06
  1.1395811E-06
  1.0763837E-06
  1.0657434E-06
  1.0190714E-06
  9.8653152E-07
  9.7807128E-07
  9.3094030E-07
  9.2464938E-07
  8.7243956E-07
  8.6794512E-07
  8.4235069E-07
  8.0377509E-07
  7.9857176E-07
  7.7268675E-07
  7.5812869E-07
  7.3275191E-07
  7.1873387E-07
  6.9591078E-07
  6.8889597E-07
  6.6426509E-07
  6.4556929E-07
  6.3670245E-07
  6.1883748E-07
  6.0558375E-07
  5.8767256E-07
  5.7627909E-07
  5.6188435E-07
  5.4873396E-07
  5.3173295E-07
  5.2678195E-07
  5.1615018E-07
  5.0964542E-07
  4.8822875E-07
  4.8356054E-07
  4.7213865E-07
  4.6267371E-07
  4.5355696E-07
  4.3527362E-07
  4.3886723E-07
  4.2421431E-07
  4.1203853E-07
  4.0600045E-07
  4.0271013E-07
  3.9090273E-07
  3.7872817E-07
  3.7662474E-07
  3.6841499E-07
  3.6207430E-07
  3.5156293E-07
  3.4797031E-07
  3.4146936E-07
  3.3032640E-07
  3.2410645E-07
  3.2105962E-07
  3.1443318E-07
  3.0808306E-07
  3.0235037E-07
  2.9690099E-07
  2.9457371E-07
  2.8315620E-07
  2.8042939E-07
  2.7510399E-07
  2.7196705E-07
  2.6370313E-07
  2.5797692E-07
  2.5794978E-07
  2.4873782E-07
  2.4575127E-07
  2.3859423E-07
  2.3667171E-07
  2.3345228E-07
  2.2602909E-07
  2.2075747E-07
  2.1930967E-07
  2.1332957E-07
  2.1051477E-07
  2.0333792E-07
  2.0098236E-07
  1.9790409E-07
  1.9455425E-07
  1.8942724E-07
  1.8683482E-07
  1.8313979E-07
  1.7844732E-07
  1.7368329E-07
  1.7154282E-07
  1.6799629E-07
  1.6526248E-07
  1.6015531E-07
  1.5759382E-07
  1.5469749E-07
  1.5116014E-07
  1.4737662E-07
  1.4520360E-07
  1.4324826E-07
  1.3780108E-07
  1.3615585E-07
  1.3187511E-07
  1.3049682E-07
  1.2624700E-07
  1.2438117E-07
  1.2174557E-07
  1.1872554E-07
  1.1700729E-07
  1.1337705E-07
  1.1067228E-07
  1.0839280E-07
  1.0640088E-07
  1.0262821E-07
  1.0104852E-07
  9.8711034E-08
  9.6610506E-08
  9.3952863E-08
  9.1694773E-08
  9.0119485E-08
  8.7224961E-08
  8.5310930E-08
  8.3415344E-08
  8.1810228E-08
  7.9539326E-08
  7.7944051E-08
  7.6021593E-08
  7.4057560E-08
  7.1784498E-08
  7.0591732E-08
  6.8842496E-08
  6.7123402E-08
  6.5795703E-08
  6.3810383E-08
  6.2588633E-08
  6.0842133E-08
  5.9466792E-08
  5.7779246E-08
  5.6276058E-08
  5.5115045E-08
  5.3844545E-08
  5.2310874E-08
  5.1270209E-08
  5.0315059E-08
  4.8637407E-08
  4.7629843E-08
  4.6454087E-08
  4.5458847E-08
  4.4201286E-08
  4.3086679E-08
  4.2068844E-08
  4.1106915E-08
  4.0183366E-08
  3.8882252E-08
  3.8054214E-08
  3.7508283E-08
  3.6274368E-08
  3.5672972E-08
  3.4871633E-08
  3.4254217E-08
  3.3173901E-08
  3.2549817E-08
  3.1669344E-08
  3.1309010E-08
  3.0507373E-08
  2.9691448E-08
  2.9176565E-08
  2.8642949E-08
  2.7786065E-08
  2.7013074E-08
  2.6761205E-08
  2.6157622E-08
  2.5789632E-08
  2.5040007E-08
  2.4732998E-08
  2.4143702E-08
  2.3700705E-08
  2.3340172E-08
  2.2822226E-08
  2.2465109E-08
  2.2000870E-08
  2.1570138E-08
  2.1271644E-08
  2.0859646E-08
  2.0412978E-08
  2.0022165E-08
  1.9764082E-08
  1.9546579E-08
  1.9303252E-08
  1.9040529E-08
  1.8908493E-08
  1.8595571E-08
  1.8243545E-08
  1.8001344E-08
