   40.03727    
  4.1852379E-25
  7.4128081E-10
  6.5703598E-09
  1.6891573E-08
  6.4301695E-08
  1.7297710E-07
  2.8270608E-07
  5.1417970E-07
  7.4734015E-07
  1.2475552E-06
  1.5891816E-06
  1.8782854E-06
  2.5295312E-06
  2.9629352E-06
  3.4061798E-06
  3.1224426E-06
  3.7845559E-06
  3.7245172E-06
  3.6494473E-06
  3.2166945E-06
  3.2156768E-06
  2.9941673E-06
  2.5219315E-06
  2.2417487E-06
  2.0234675E-06
  1.8030058E-06
  1.6139713E-06
  1.4022171E-06
  1.2788734E-06
  1.1365191E-06
  1.0266865E-06
  9.3377844E-07
  8.4170995E-07
  8.1902101E-07
  7.6701031E-07
  6.9696392E-07
  6.6696742E-07
  6.2099298E-07
  5.9201625E-07
  5.4393809E-07
  5.3200154E-07
  5.1390322E-07
  4.7657747E-07
  4.6568306E-07
  4.3690162E-07
  4.3563998E-07
  4.0173990E-07
  3.9288733E-07
  3.8859156E-07
  3.7071774E-07
  3.6138306E-07
  3.4582391E-07
  3.4447581E-07
  3.3189175E-07
  3.2288531E-07
  3.1547984E-07
  3.0996026E-07
  3.1257420E-07
  2.9315254E-07
  2.8635833E-07
  2.8478817E-07
  2.7470202E-07
  2.7505183E-07
  2.5951994E-07
  2.6583757E-07
  2.5855232E-07
  2.5050539E-07
  2.5082531E-07
  2.4337851E-07
  2.4305177E-07
  2.3713842E-07
  2.2830342E-07
  2.3231546E-07
  2.2012192E-07
  2.2472616E-07
  2.1459121E-07
  2.1407578E-07
  2.1398083E-07
  2.0498958E-07
  2.0523515E-07
  1.9872084E-07
  1.9954159E-07
  1.9322187E-07
  1.9126664E-07
  1.8963324E-07
  1.8792193E-07
  1.8371287E-07
  1.8049452E-07
  1.7795081E-07
  1.7668633E-07
  1.7308078E-07
  1.7022452E-07
  1.6716099E-07
  1.6524312E-07
  1.6249911E-07
  1.5969469E-07
  1.5949307E-07
  1.5708933E-07
  1.5688319E-07
  1.5216843E-07
  1.4978382E-07
  1.4893345E-07
  1.4692799E-07
  1.4542761E-07
  1.4069985E-07
  1.4207890E-07
  1.3800705E-07
  1.3473648E-07
  1.3488024E-07
  1.3400768E-07
  1.3138295E-07
  1.2770896E-07
  1.2847653E-07
  1.2615591E-07
  1.2423563E-07
  1.2217815E-07
  1.2100247E-07
  1.1995182E-07
  1.1674356E-07
  1.1474386E-07
  1.1486479E-07
  1.1269897E-07
  1.1129107E-07
  1.0984795E-07
  1.0849769E-07
  1.0823442E-07
  1.0436455E-07
  1.0388246E-07
  1.0277249E-07
  1.0170243E-07
  9.9463193E-08
  9.7535789E-08
  9.7646016E-08
  9.4360743E-08
  9.3923177E-08
  9.1642661E-08
  9.1038643E-08
  8.9798284E-08
  8.7260858E-08
  8.5099614E-08
  8.5571529E-08
  8.3190045E-08
  8.2253401E-08
  7.9727990E-08
  7.9129777E-08
  7.7922692E-08
  7.6829153E-08
  7.4928877E-08
  7.3744488E-08
  7.2578715E-08
  7.0763939E-08
  6.9195387E-08
  6.8471742E-08
  6.6566237E-08
  6.5681277E-08
  6.3693747E-08
  6.2773204E-08
  6.1509212E-08
  6.0173214E-08
  5.8745982E-08
  5.7681078E-08
  5.7360094E-08
  5.4942905E-08
  5.4092325E-08
  5.2386241E-08
  5.1704010E-08
  4.9968268E-08
  4.9289376E-08
  4.8193471E-08
  4.6820837E-08
  4.6034323E-08
  4.4468926E-08
  4.3368868E-08
  4.2381540E-08
  4.1526594E-08
  3.9921026E-08
  3.9177589E-08
  3.8170647E-08
  3.7331848E-08
  3.6153036E-08
  3.5177287E-08
  3.4472883E-08
  3.3247527E-08
  3.2514112E-08
  3.1807790E-08
  3.0892497E-08
  2.9905735E-08
  2.9290172E-08
  2.8454476E-08
  2.7611067E-08
  2.6743205E-08
  2.6146942E-08
  2.5393865E-08
  2.4583482E-08
  2.4067514E-08
  2.3276170E-08
  2.2716874E-08
  2.1958257E-08
  2.1457696E-08
  2.0716570E-08
  2.0251044E-08
  1.9641591E-08
  1.9157463E-08
  1.8510510E-08
  1.8020028E-08
  1.7618566E-08
  1.7017946E-08
  1.6651029E-08
  1.6090297E-08
  1.5761394E-08
  1.5201513E-08
  1.4781499E-08
  1.4383739E-08
  1.4009026E-08
  1.3697775E-08
  1.3247323E-08
  1.2939164E-08
  1.2721798E-08
  1.2276527E-08
  1.2041292E-08
  1.1669589E-08
  1.1426421E-08
  1.1067219E-08
  1.0834605E-08
  1.0544675E-08
  1.0398611E-08
  1.0044220E-08
  9.8067456E-09
  9.6007637E-09
  9.4119841E-09
  9.1845092E-09
  8.9271941E-09
  8.8622336E-09
  8.6111669E-09
  8.4511189E-09
  8.1950953E-09
  8.0984863E-09
  7.9107174E-09
  7.7410869E-09
  7.6303772E-09
  7.4490272E-09
  7.3142030E-09
  7.1808630E-09
  7.0326216E-09
  6.9534982E-09
  6.8288437E-09
  6.7458705E-09
  6.6291892E-09
  6.5415713E-09
  6.4629853E-09
  6.3741075E-09
  6.3099064E-09
  6.2376637E-09
  6.1418546E-09
  6.0489977E-09
  5.9449516E-09
