   9.013783    
  4.1304757E-25
  5.7680771E-10
  5.6292095E-09
  1.4589205E-08
  5.6573519E-08
  1.5148683E-07
  2.4964049E-07
  4.5281132E-07
  6.8356047E-07
  1.1786857E-06
  1.5682455E-06
  1.9620188E-06
  2.7470626E-06
  3.4978034E-06
  4.3902310E-06
  4.4240664E-06
  5.8560850E-06
  6.4908809E-06
  7.1015174E-06
  6.9844782E-06
  7.8171324E-06
  8.0343425E-06
  7.5604389E-06
  7.5870466E-06
  7.2743919E-06
  7.1270119E-06
  6.7360616E-06
  6.0813791E-06
  5.7993407E-06
  5.3166818E-06
  4.8868978E-06
  4.5105512E-06
  4.1334310E-06
  4.0075511E-06
  3.7727239E-06
  3.4919119E-06
  3.3721280E-06
  3.1291195E-06
  3.0011893E-06
  2.8236279E-06
  2.7520928E-06
  2.6447497E-06
  2.4724611E-06
  2.4089234E-06
  2.2369143E-06
  2.2169968E-06
  2.0720968E-06
  1.9912250E-06
  1.9528029E-06
  1.8579607E-06
  1.7764502E-06
  1.6887192E-06
  1.6532166E-06
  1.5714519E-06
  1.4966623E-06
  1.4444753E-06
  1.4051219E-06
  1.3831049E-06
  1.3070342E-06
  1.2487725E-06
  1.2312271E-06
  1.1753223E-06
  1.1512395E-06
  1.0779900E-06
  1.0715574E-06
  1.0533983E-06
  9.9736292E-07
  9.9135707E-07
  9.3731660E-07
  9.2721274E-07
  8.9092146E-07
  8.5831726E-07
  8.5366861E-07
  8.1336873E-07
  8.0832791E-07
  7.6425562E-07
  7.5956763E-07
  7.3842699E-07
  7.0631938E-07
  7.0131023E-07
  6.7901379E-07
  6.6974860E-07
  6.4472164E-07
  6.3336353E-07
  6.1163809E-07
  6.0766718E-07
  5.8670355E-07
  5.6975375E-07
  5.6247512E-07
  5.4729475E-07
  5.3640787E-07
  5.2088512E-07
  5.1197486E-07
  4.9865071E-07
  4.8830276E-07
  4.7308501E-07
  4.6854194E-07
  4.5937105E-07
  4.5444307E-07
  4.3579846E-07
  4.3204679E-07
  4.2109465E-07
  4.1458961E-07
  4.0586025E-07
  3.9004468E-07
  3.9449367E-07
  3.8035304E-07
  3.7042275E-07
  3.6447292E-07
  3.6258555E-07
  3.5250372E-07
  3.4109956E-07
  3.3972972E-07
  3.3252914E-07
  3.2686953E-07
  3.1778828E-07
  3.1503953E-07
  3.0936363E-07
  2.9911206E-07
  2.9444973E-07
  2.9172540E-07
  2.8603759E-07
  2.8045346E-07
  2.7522273E-07
  2.6988792E-07
  2.6858493E-07
  2.5806065E-07
  2.5564668E-07
  2.5131823E-07
  2.4845011E-07
  2.4066213E-07
  2.3570614E-07
  2.3589270E-07
  2.2758438E-07
  2.2480145E-07
  2.1822034E-07
  2.1666526E-07
  2.1371045E-07
  2.0770435E-07
  2.0271236E-07
  2.0163800E-07
  1.9630092E-07
  1.9393056E-07
  1.8736324E-07
  1.8526273E-07
  1.8252537E-07
  1.7935939E-07
  1.7474417E-07
  1.7235679E-07
  1.6907016E-07
  1.6495841E-07
  1.6067267E-07
  1.5845498E-07
  1.5527030E-07
  1.5300762E-07
  1.4809260E-07
  1.4565572E-07
  1.4305454E-07
  1.3969220E-07
  1.3639385E-07
  1.3431536E-07
  1.3280091E-07
  1.2752334E-07
  1.2624344E-07
  1.2253031E-07
  1.2112991E-07
  1.1700500E-07
  1.1519415E-07
  1.1283664E-07
  1.1022902E-07
  1.0845520E-07
  1.0499471E-07
  1.0266870E-07
  1.0070388E-07
  9.8800072E-08
  9.5338486E-08
  9.4117709E-08
  9.1789062E-08
  8.9803599E-08
  8.7324018E-08
  8.5357321E-08
  8.3855277E-08
  8.1121968E-08
  7.9396706E-08
  7.7753775E-08
  7.6067217E-08
  7.3954268E-08
  7.2540985E-08
  7.0830055E-08
  6.8874506E-08
  6.6937119E-08
  6.5691651E-08
  6.4004119E-08
  6.2403224E-08
  6.1137563E-08
  5.9437486E-08
  5.8156637E-08
  5.6587051E-08
  5.5324396E-08
  5.3644268E-08
  5.2461523E-08
  5.1343243E-08
  5.0244299E-08
  4.8728889E-08
  4.7722466E-08
  4.6887479E-08
  4.5337377E-08
  4.4422880E-08
  4.3284089E-08
  4.2427107E-08
  4.1270390E-08
  4.0289915E-08
  3.9320973E-08
  3.8366430E-08
  3.7499021E-08
  3.6331333E-08
  3.5608586E-08
  3.5028666E-08
  3.3951597E-08
  3.3372356E-08
  3.2568941E-08
  3.2002877E-08
  3.0994631E-08
  3.0521726E-08
  2.9641271E-08
  2.9272927E-08
  2.8525180E-08
  2.7781999E-08
  2.7319818E-08
  2.6728328E-08
  2.6013254E-08
  2.5263876E-08
  2.5090518E-08
  2.4512026E-08
  2.4110738E-08
  2.3424009E-08
  2.3155129E-08
  2.2649600E-08
  2.2200670E-08
  2.1858462E-08
  2.1442386E-08
  2.1053193E-08
  2.0702689E-08
  2.0274467E-08
  2.0002149E-08
  1.9654243E-08
  1.9206075E-08
  1.8834932E-08
  1.8663034E-08
  1.8403073E-08
  1.8131722E-08
  1.7873685E-08
  1.7700900E-08
  1.7483350E-08
  1.7154445E-08
  1.6902964E-08
