   20.00000    
  4.3150080E-25
  6.8698969E-10
  6.3699317E-09
  1.6283394E-08
  6.2362524E-08
  1.6807718E-07
  2.7480294E-07
  5.0207501E-07
  7.4387879E-07
  1.2608016E-06
  1.6503777E-06
  2.0081745E-06
  2.7547123E-06
  3.3543897E-06
  4.0255195E-06
  3.8464946E-06
  4.8478428E-06
  5.0485633E-06
  5.2018618E-06
  4.7907060E-06
  5.0379217E-06
  4.8861380E-06
  4.3061250E-06
  4.0163736E-06
  3.7060233E-06
  3.4315224E-06
  3.1391924E-06
  2.7668334E-06
  2.5498871E-06
  2.3022326E-06
  2.0845221E-06
  1.9076081E-06
  1.7119756E-06
  1.6639965E-06
  1.5525641E-06
  1.4075235E-06
  1.3474555E-06
  1.2409048E-06
  1.1811931E-06
  1.0860696E-06
  1.0524087E-06
  1.0131595E-06
  9.3902986E-07
  9.0868929E-07
  8.4580438E-07
  8.3125951E-07
  7.6878592E-07
  7.4078497E-07
  7.2257183E-07
  6.8563622E-07
  6.6171248E-07
  6.2819652E-07
  6.1740582E-07
  5.9021897E-07
  5.6607809E-07
  5.4797357E-07
  5.3201825E-07
  5.2967988E-07
  4.9490973E-07
  4.8087946E-07
  4.7439161E-07
  4.5394378E-07
  4.4633555E-07
  4.2200537E-07
  4.2532474E-07
  4.1428297E-07
  3.9523081E-07
  3.9334157E-07
  3.7817131E-07
  3.7737104E-07
  3.6372901E-07
  3.5039611E-07
  3.5346125E-07
  3.3595643E-07
  3.3842048E-07
  3.2282267E-07
  3.2032912E-07
  3.1625993E-07
  3.0443863E-07
  3.0130437E-07
  2.9213004E-07
  2.9148558E-07
  2.8227907E-07
  2.7790782E-07
  2.7338339E-07
  2.7122343E-07
  2.6434418E-07
  2.5782933E-07
  2.5437922E-07
  2.5035069E-07
  2.4594104E-07
  2.4068075E-07
  2.3599985E-07
  2.3270239E-07
  2.2804286E-07
  2.2355346E-07
  2.2220566E-07
  2.1856468E-07
  2.1753218E-07
  2.1036381E-07
  2.0744001E-07
  2.0500195E-07
  2.0201603E-07
  1.9960977E-07
  1.9281183E-07
  1.9431943E-07
  1.8834776E-07
  1.8413316E-07
  1.8352374E-07
  1.8261245E-07
  1.7821613E-07
  1.7314585E-07
  1.7331642E-07
  1.7046689E-07
  1.6758179E-07
  1.6432872E-07
  1.6287041E-07
  1.6109098E-07
  1.5648779E-07
  1.5397664E-07
  1.5356443E-07
  1.5093532E-07
  1.4851324E-07
  1.4660775E-07
  1.4435180E-07
  1.4401490E-07
  1.3884214E-07
  1.3781852E-07
  1.3628106E-07
  1.3494093E-07
  1.3155487E-07
  1.2874378E-07
  1.2898207E-07
  1.2490236E-07
  1.2430003E-07
  1.2114856E-07
  1.2046686E-07
  1.1867115E-07
  1.1522154E-07
  1.1263752E-07
  1.1278757E-07
  1.0987631E-07
  1.0876441E-07
  1.0542988E-07
  1.0449175E-07
  1.0311131E-07
  1.0151285E-07
  9.9028746E-08
  9.7614091E-08
  9.6025865E-08
  9.3688790E-08
  9.1662130E-08
  9.0379750E-08
  8.8366392E-08
  8.7139334E-08
  8.4653770E-08
  8.3461693E-08
  8.1853941E-08
  8.0141064E-08
  7.8239196E-08
  7.6951927E-08
  7.6475914E-08
  7.3397295E-08
  7.2490799E-08
  7.0113281E-08
  6.9456718E-08
  6.7227660E-08
  6.6420320E-08
  6.5075120E-08
  6.3474182E-08
  6.2558030E-08
  6.0461929E-08
  5.9039937E-08
  5.7882019E-08
  5.6806812E-08
  5.4682410E-08
  5.3856482E-08
  5.2553819E-08
  5.1560630E-08
  5.0077841E-08
  4.8842175E-08
  4.7968694E-08
  4.6311513E-08
  4.5369976E-08
  4.4337540E-08
  4.3282643E-08
  4.2058492E-08
  4.1217966E-08
  4.0265942E-08
  3.9107150E-08
  3.8005368E-08
  3.7247425E-08
  3.6297887E-08
  3.5255294E-08
  3.4639164E-08
  3.3613922E-08
  3.2938548E-08
  3.2045310E-08
  3.1270201E-08
  3.0250725E-08
  2.9645015E-08
  2.8944957E-08
  2.8286813E-08
  2.7480450E-08
  2.6813991E-08
  2.6316092E-08
  2.5502535E-08
  2.4926750E-08
  2.4278080E-08
  2.3820109E-08
  2.3125306E-08
  2.2573468E-08
  2.2018218E-08
  2.1448368E-08
  2.0955094E-08
  2.0301037E-08
  1.9893404E-08
  1.9588649E-08
  1.8980865E-08
  1.8671074E-08
  1.8217371E-08
  1.7871624E-08
  1.7351798E-08
  1.7030692E-08
  1.6615919E-08
  1.6411477E-08
  1.5968091E-08
  1.5609862E-08
  1.5347073E-08
  1.5045572E-08
  1.4664383E-08
  1.4279543E-08
  1.4144875E-08
  1.3862167E-08
  1.3633728E-08
  1.3261609E-08
  1.3098279E-08
  1.2852165E-08
  1.2587890E-08
  1.2443310E-08
  1.2164850E-08
  1.2008563E-08
  1.1814778E-08
  1.1565742E-08
  1.1449631E-08
  1.1216202E-08
  1.1016386E-08
  1.0812217E-08
  1.0714396E-08
  1.0604045E-08
  1.0456778E-08
  1.0382766E-08
  1.0256371E-08
  1.0117577E-08
  1.0004567E-08
  9.8545554E-09
