   4.008031    
  4.1423466E-25
  4.6205806E-10
  4.7631032E-09
  1.2368849E-08
  4.7591950E-08
  1.2271980E-07
  2.1361642E-07
  3.8243056E-07
  5.9109834E-07
  1.0306090E-06
  1.3856134E-06
  1.7475400E-06
  2.5076636E-06
  3.3483782E-06
  4.3671116E-06
  4.5569996E-06
  6.3117650E-06
  7.3610663E-06
  8.5826186E-06
  8.9527139E-06
  1.0534933E-05
  1.1486242E-05
  1.1605101E-05
  1.2459464E-05
  1.2652239E-05
  1.3051354E-05
  1.3208199E-05
  1.2258511E-05
  1.1924746E-05
  1.1358527E-05
  1.0472027E-05
  9.8368437E-06
  8.8361749E-06
  8.6139034E-06
  8.1240978E-06
  7.5187349E-06
  7.1196600E-06
  6.5680165E-06
  6.4208975E-06
  5.9785107E-06
  5.8558126E-06
  5.6951958E-06
  5.3863923E-06
  5.2711180E-06
  4.9537512E-06
  4.9343857E-06
  4.6026162E-06
  4.4804956E-06
  4.3856739E-06
  4.3402370E-06
  4.1233675E-06
  3.9175757E-06
  3.8233466E-06
  3.7359744E-06
  3.5571136E-06
  3.4138488E-06
  3.3209367E-06
  3.2878199E-06
  3.0930344E-06
  2.9840642E-06
  2.9234566E-06
  2.8082511E-06
  2.7371780E-06
  2.5804975E-06
  2.5500301E-06
  2.4982546E-06
  2.3801940E-06
  2.3139712E-06
  2.2165675E-06
  2.2055549E-06
  2.0829730E-06
  2.0197140E-06
  1.9972786E-06
  1.9117488E-06
  1.8823148E-06
  1.7777649E-06
  1.7436084E-06
  1.7054981E-06
  1.6298243E-06
  1.5983898E-06
  1.5458025E-06
  1.5177791E-06
  1.4597138E-06
  1.4207169E-06
  1.3811581E-06
  1.3572808E-06
  1.3124649E-06
  1.2636499E-06
  1.2277490E-06
  1.2098707E-06
  1.1852550E-06
  1.1338781E-06
  1.1096329E-06
  1.0820711E-06
  1.0553530E-06
  1.0123503E-06
  1.0047522E-06
  9.7631960E-07
  9.5958205E-07
  9.2442724E-07
  9.0251996E-07
  8.7972364E-07
  8.6363025E-07
  8.4057558E-07
  8.0297627E-07
  8.0698976E-07
  7.7507968E-07
  7.5641867E-07
  7.3981192E-07
  7.2859791E-07
  7.0494377E-07
  6.8175797E-07
  6.7239114E-07
  6.5812009E-07
  6.4386484E-07
  6.2178435E-07
  6.1496263E-07
  6.0245497E-07
  5.7784899E-07
  5.6616807E-07
  5.5978580E-07
  5.4675172E-07
  5.3314784E-07
  5.2132356E-07
  5.0781870E-07
  5.0230284E-07
  4.8261461E-07
  4.7240977E-07
  4.6310467E-07
  4.5657271E-07
  4.4441003E-07
  4.3170101E-07
  4.2899603E-07
  4.1308201E-07
  4.0665503E-07
  3.9363636E-07
  3.8810825E-07
  3.8240452E-07
  3.6857475E-07
  3.5942190E-07
  3.5507642E-07
  3.4689515E-07
  3.3967351E-07
  3.2809490E-07
  3.2334228E-07
  3.1819911E-07
  3.1154761E-07
  3.0254907E-07
  2.9607546E-07
  2.9096589E-07
  2.8324058E-07
  2.7441729E-07
  2.7053906E-07
  2.6492305E-07
  2.5866365E-07
  2.5085833E-07
  2.4698446E-07
  2.4124321E-07
  2.3476213E-07
  2.2858016E-07
  2.2546708E-07
  2.2160437E-07
  2.1310227E-07
  2.1062834E-07
  2.0349636E-07
  2.0074590E-07
  1.9321290E-07
  1.9098148E-07
  1.8674307E-07
  1.8227645E-07
  1.7925429E-07
  1.7325939E-07
  1.6966290E-07
  1.6529975E-07
  1.6246533E-07
  1.5604409E-07
  1.5384038E-07
  1.5045725E-07
  1.4705364E-07
  1.4257898E-07
  1.3923429E-07
  1.3632524E-07
  1.3215717E-07
  1.2941008E-07
  1.2584742E-07
  1.2336636E-07
  1.2019221E-07
  1.1726442E-07
  1.1460777E-07
  1.1194332E-07
  1.0832169E-07
  1.0635321E-07
  1.0340275E-07
  1.0084464E-07
  9.8927586E-08
  9.5932471E-08
  9.4071424E-08
  9.1411792E-08
  8.9260098E-08
  8.6648242E-08
  8.4675953E-08
  8.2706727E-08
  8.0789114E-08
  7.8487275E-08
  7.6805236E-08
  7.5218452E-08
  7.2749167E-08
  7.1435956E-08
  6.9609264E-08
  6.8207399E-08
  6.6140203E-08
  6.4404965E-08
  6.3089757E-08
  6.1450386E-08
  6.0079905E-08
  5.8205078E-08
  5.6907684E-08
  5.5967945E-08
  5.4240616E-08
  5.3251856E-08
  5.1986472E-08
  5.1202246E-08
  4.9515904E-08
  4.8541644E-08
  4.7292115E-08
  4.6629548E-08
  4.5468365E-08
  4.4336726E-08
  4.3460918E-08
  4.2541558E-08
  4.1473122E-08
  4.0326679E-08
  3.9797769E-08
  3.8839389E-08
  3.8291294E-08
  3.7232532E-08
  3.6675434E-08
  3.5866233E-08
  3.5214075E-08
  3.4693723E-08
  3.3946478E-08
  3.3308591E-08
  3.2625579E-08
  3.2080184E-08
  3.1496342E-08
  3.0958418E-08
  3.0341411E-08
  2.9692387E-08
  2.9276649E-08
  2.8984383E-08
  2.8527046E-08
  2.8204548E-08
  2.7876590E-08
  2.7508360E-08
  2.7034645E-08
  2.6557583E-08
