   50.02499    
  4.2557473E-25
  7.5074003E-10
  6.6252870E-09
  1.6997983E-08
  6.4642457E-08
  1.7389017E-07
  2.8309816E-07
  5.1320961E-07
  7.4047745E-07
  1.2293937E-06
  1.5517328E-06
  1.8132372E-06
  2.4210758E-06
  2.7995927E-06
  3.1695968E-06
  2.8629875E-06
  3.4242926E-06
  3.3123458E-06
  3.1924369E-06
  2.7699321E-06
  2.7239726E-06
  2.5004883E-06
  2.0787274E-06
  1.8219838E-06
  1.6296797E-06
  1.4395873E-06
  1.2803160E-06
  1.1090581E-06
  1.0115359E-06
  8.9802882E-07
  8.1172550E-07
  7.4159760E-07
  6.7216246E-07
  6.5702153E-07
  6.1699507E-07
  5.6378121E-07
  5.4216412E-07
  5.0846307E-07
  4.8749484E-07
  4.5011325E-07
  4.4296488E-07
  4.3009041E-07
  3.9942512E-07
  3.9326639E-07
  3.7167240E-07
  3.7290934E-07
  3.4432082E-07
  3.3970036E-07
  3.3812600E-07
  3.2339855E-07
  3.1576224E-07
  3.0478520E-07
  3.0529324E-07
  2.9491596E-07
  2.8809822E-07
  2.8278691E-07
  2.7852710E-07
  2.8221729E-07
  2.6550740E-07
  2.5984431E-07
  2.5912450E-07
  2.5065668E-07
  2.5204582E-07
  2.3781354E-07
  2.4478166E-07
  2.3810094E-07
  2.3121338E-07
  2.3217487E-07
  2.2588146E-07
  2.2579195E-07
  2.2073893E-07
  2.1240396E-07
  2.1682077E-07
  2.0549300E-07
  2.1040152E-07
  2.0102773E-07
  2.0088895E-07
  2.0117974E-07
  1.9289325E-07
  1.9355564E-07
  1.8728024E-07
  1.8839822E-07
  1.8249762E-07
  1.8083871E-07
  1.7955691E-07
  1.7800106E-07
  1.7420351E-07
  1.7122595E-07
  1.6878654E-07
  1.6787142E-07
  1.6457780E-07
  1.6201385E-07
  1.5922747E-07
  1.5744199E-07
  1.5499710E-07
  1.5230044E-07
  1.5219858E-07
  1.4998963E-07
  1.4984965E-07
  1.4545596E-07
  1.4313683E-07
  1.4244934E-07
  1.4062422E-07
  1.3925938E-07
  1.3483380E-07
  1.3619487E-07
  1.3234794E-07
  1.2920945E-07
  1.2953707E-07
  1.2870312E-07
  1.2632283E-07
  1.2283802E-07
  1.2354677E-07
  1.2137899E-07
  1.1948126E-07
  1.1768368E-07
  1.1656669E-07
  1.1554665E-07
  1.1244463E-07
  1.1063519E-07
  1.1075946E-07
  1.0868328E-07
  1.0728368E-07
  1.0595875E-07
  1.0464690E-07
  1.0445499E-07
  1.0062177E-07
  1.0019662E-07
  9.9131050E-08
  9.8072036E-08
  9.5864578E-08
  9.4046079E-08
  9.4141718E-08
  9.1072607E-08
  9.0698592E-08
  8.8576570E-08
  8.7906088E-08
  8.6734126E-08
  8.4310237E-08
  8.2144567E-08
  8.2681815E-08
  8.0320930E-08
  7.9469601E-08
  7.7000649E-08
  7.6439342E-08
  7.5260807E-08
  7.4240830E-08
  7.2360166E-08
  7.1212355E-08
  7.0131584E-08
  6.8399913E-08
  6.6813961E-08
  6.6158542E-08
  6.4316254E-08
  6.3392136E-08
  6.1494276E-08
  6.0590494E-08
  5.9336070E-08
  5.8101545E-08
  5.6655125E-08
  5.5582515E-08
  5.5284264E-08
  5.2883141E-08
  5.2073656E-08
  5.0403887E-08
  4.9757126E-08
  4.8099157E-08
  4.7435098E-08
  4.6367738E-08
  4.5098485E-08
  4.4296538E-08
  4.2784286E-08
  4.1678714E-08
  4.0743114E-08
  3.9928850E-08
  3.8345203E-08
  3.7580641E-08
  3.6611862E-08
  3.5777553E-08
  3.4649315E-08
  3.3717374E-08
  3.3041179E-08
  3.1846259E-08
  3.1112048E-08
  3.0432133E-08
  2.9528117E-08
  2.8570811E-08
  2.7990703E-08
  2.7183511E-08
  2.6339906E-08
  2.5492865E-08
  2.4891010E-08
  2.4174707E-08
  2.3361975E-08
  2.2885928E-08
  2.2106587E-08
  2.1572969E-08
  2.0874381E-08
  2.0389846E-08
  1.9656074E-08
  1.9201391E-08
  1.8598032E-08
  1.8152846E-08
  1.7529254E-08
  1.7051516E-08
  1.6645664E-08
  1.6088492E-08
  1.5720762E-08
  1.5182991E-08
  1.4875439E-08
  1.4333835E-08
  1.3936352E-08
  1.3547747E-08
  1.3185512E-08
  1.2866691E-08
  1.2447791E-08
  1.2144330E-08
  1.1930125E-08
  1.1504652E-08
  1.1264527E-08
  1.0906008E-08
  1.0677729E-08
  1.0337193E-08
  1.0108894E-08
  9.8343023E-09
  9.6963051E-09
  9.3525028E-09
  9.1155670E-09
  8.9364054E-09
  8.7426386E-09
  8.5368130E-09
  8.2874223E-09
  8.2144007E-09
  7.9861469E-09
  7.8327860E-09
  7.5843474E-09
  7.4977313E-09
  7.3264141E-09
  7.1656809E-09
  7.0617077E-09
  6.8951147E-09
  6.7719399E-09
  6.6357035E-09
  6.5160330E-09
  6.4274439E-09
  6.3082704E-09
  6.2377894E-09
  6.1053500E-09
  6.0275345E-09
  5.9514407E-09
  5.8568963E-09
  5.7914633E-09
  5.7278102E-09
  5.6330163E-09
  5.5557035E-09
  5.4524882E-09
