   10.00230    
  4.2012129E-25
  5.9021626E-10
  5.7662208E-09
  1.4845076E-08
  5.7618113E-08
  1.5477953E-07
  2.5338588E-07
  4.6119581E-07
  6.9426517E-07
  1.1950663E-06
  1.5900621E-06
  1.9837044E-06
  2.7665010E-06
  3.5036689E-06
  4.3694981E-06
  4.3764276E-06
  5.7501306E-06
  6.3346611E-06
  6.8709246E-06
  6.6945895E-06
  7.4420450E-06
  7.5844609E-06
  7.0646870E-06
  7.0291558E-06
  6.6920029E-06
  6.5098338E-06
  6.1168898E-06
  5.5071669E-06
  5.2279852E-06
  4.7832373E-06
  4.3971204E-06
  4.0541472E-06
  3.7134862E-06
  3.5864550E-06
  3.3715748E-06
  3.1186639E-06
  2.9979894E-06
  2.7843957E-06
  2.6702651E-06
  2.5070331E-06
  2.4449903E-06
  2.3400180E-06
  2.1847543E-06
  2.1337460E-06
  1.9788324E-06
  1.9546067E-06
  1.8233516E-06
  1.7578467E-06
  1.7203279E-06
  1.6345417E-06
  1.5610132E-06
  1.4853223E-06
  1.4554918E-06
  1.3824006E-06
  1.3131345E-06
  1.2699647E-06
  1.2348399E-06
  1.2158431E-06
  1.1463208E-06
  1.0977080E-06
  1.0848979E-06
  1.0365217E-06
  1.0163865E-06
  9.4991799E-07
  9.4924206E-07
  9.2813048E-07
  8.7943181E-07
  8.7357654E-07
  8.2741451E-07
  8.1976856E-07
  7.8882846E-07
  7.5871651E-07
  7.5472741E-07
  7.2124931E-07
  7.1587198E-07
  6.7850391E-07
  6.7283844E-07
  6.5511426E-07
  6.2854781E-07
  6.2439392E-07
  6.0363237E-07
  5.9995290E-07
  5.7444822E-07
  5.6533952E-07
  5.4672051E-07
  5.4275779E-07
  5.2521125E-07
  5.0978207E-07
  5.0372881E-07
  4.8995128E-07
  4.8139265E-07
  4.6859071E-07
  4.6056272E-07
  4.4816906E-07
  4.3904757E-07
  4.2699293E-07
  4.2194506E-07
  4.1432915E-07
  4.1096430E-07
  3.9422099E-07
  3.8955329E-07
  3.8065198E-07
  3.7587998E-07
  3.6764092E-07
  3.5435488E-07
  3.5815438E-07
  3.4518649E-07
  3.3693539E-07
  3.3119792E-07
  3.2924038E-07
  3.2095710E-07
  3.1094109E-07
  3.0996600E-07
  3.0341695E-07
  2.9813501E-07
  2.9043241E-07
  2.8785286E-07
  2.8274860E-07
  2.7368498E-07
  2.6899042E-07
  2.6708514E-07
  2.6209645E-07
  2.5744180E-07
  2.5285414E-07
  2.4750585E-07
  2.4663791E-07
  2.3681321E-07
  2.3473234E-07
  2.3107314E-07
  2.2876095E-07
  2.2177082E-07
  2.1728422E-07
  2.1747783E-07
  2.0986525E-07
  2.0775133E-07
  2.0202191E-07
  2.0077407E-07
  1.9795255E-07
  1.9251594E-07
  1.8797243E-07
  1.8696052E-07
  1.8205679E-07
  1.8003092E-07
  1.7375993E-07
  1.7227242E-07
  1.6946801E-07
  1.6660174E-07
  1.6245876E-07
  1.5982553E-07
  1.5725483E-07
  1.5322520E-07
  1.4932864E-07
  1.4754758E-07
  1.4428734E-07
  1.4249269E-07
  1.3788016E-07
  1.3541127E-07
  1.3327407E-07
  1.3015659E-07
  1.2701496E-07
  1.2531336E-07
  1.2392941E-07
  1.1898593E-07
  1.1785579E-07
  1.1447025E-07
  1.1301674E-07
  1.0916023E-07
  1.0766359E-07
  1.0549767E-07
  1.0316729E-07
  1.0135586E-07
  9.8122229E-08
  9.6036494E-08
  9.4111286E-08
  9.2306337E-08
  8.9130381E-08
  8.7972523E-08
  8.5885532E-08
  8.4016314E-08
  8.1749022E-08
  7.9836440E-08
  7.8497273E-08
  7.5961836E-08
  7.4253393E-08
  7.2661969E-08
  7.1050003E-08
  6.9104892E-08
  6.7883377E-08
  6.6279618E-08
  6.4432015E-08
  6.2678879E-08
  6.1496173E-08
  5.9912040E-08
  5.8463584E-08
  5.7304167E-08
  5.5708558E-08
  5.4576674E-08
  5.2914942E-08
  5.1835698E-08
  5.0277720E-08
  4.9074824E-08
  4.8013309E-08
  4.7116195E-08
  4.5697881E-08
  4.4694787E-08
  4.3877826E-08
  4.2416378E-08
  4.1575909E-08
  4.0558827E-08
  3.9736506E-08
  3.8655745E-08
  3.7702762E-08
  3.6816925E-08
  3.5874280E-08
  3.5078049E-08
  3.4014718E-08
  3.3313519E-08
  3.2801346E-08
  3.1765587E-08
  3.1225127E-08
  3.0518034E-08
  2.9981802E-08
  2.9044990E-08
  2.8557077E-08
  2.7802450E-08
  2.7471303E-08
  2.6722432E-08
  2.6125852E-08
  2.5649015E-08
  2.5116487E-08
  2.4460006E-08
  2.3790506E-08
  2.3613710E-08
  2.3017906E-08
  2.2611891E-08
  2.2027688E-08
  2.1740211E-08
  2.1293580E-08
  2.0843354E-08
  2.0568331E-08
  2.0167661E-08
  1.9806299E-08
  1.9460154E-08
  1.9068359E-08
  1.8829887E-08
  1.8426205E-08
  1.8030624E-08
  1.7723364E-08
  1.7537090E-08
  1.7343408E-08
  1.7084069E-08
  1.6871338E-08
  1.6693015E-08
  1.6494292E-08
  1.6209848E-08
  1.5980387E-08
