  0.0000000E+00
  4.7103077E-25
  2.9044264E-10
  3.8313011E-09
  9.8802779E-09
  3.6435459E-08
  9.3215355E-08
  1.6300397E-07
  3.0709296E-07
  4.9458242E-07
  9.1089902E-07
  1.2625760E-06
  1.6544108E-06
  2.4988190E-06
  3.5564387E-06
  4.9536084E-06
  5.4965253E-06
  8.0627206E-06
  1.0383362E-05
  1.3719895E-05
  1.5476118E-05
  1.9357411E-05
  2.4310721E-05
  2.7060767E-05
  3.2648008E-05
  3.8154485E-05
  4.3877320E-05
  5.0985411E-05
  5.3668246E-05
  5.9998332E-05
  6.2737905E-05
  6.5329463E-05
  6.7466295E-05
  6.7631896E-05
  6.8194247E-05
  6.8716283E-05
  6.4068241E-05
  6.3318534E-05
  6.0002090E-05
  5.9324379E-05
  5.4878401E-05
  5.3934084E-05
  5.2705764E-05
  4.8095528E-05
  4.6848087E-05
  4.4649500E-05
  4.4064858E-05
  4.0334813E-05
  3.8969840E-05
  3.8248305E-05
  3.6173256E-05
  3.4398501E-05
  3.3097149E-05
  3.2171665E-05
  3.0777628E-05
  2.9147688E-05
  2.7899056E-05
  2.6690181E-05
  2.6679223E-05
  2.4926090E-05
  2.3614713E-05
  2.3318464E-05
  2.1927435E-05
  2.1405727E-05
  1.9936509E-05
  1.9811287E-05
  1.9253175E-05
  1.8104149E-05
  1.7849772E-05
  1.7031256E-05
  1.6630025E-05
  1.5902375E-05
  1.5085048E-05
  1.4914163E-05
  1.4093754E-05
  1.3960956E-05
  1.3141721E-05
  1.2821203E-05
  1.2473583E-05
  1.1809479E-05
  1.1582768E-05
  1.1125664E-05
  1.0903180E-05
  1.0438773E-05
  1.0058606E-05
  9.7218563E-06
  9.5145533E-06
  9.1839820E-06
  8.8839752E-06
  8.6220280E-06
  8.3527102E-06
  8.1223743E-06
  7.8150324E-06
  7.6074684E-06
  7.3747356E-06
  7.1317299E-06
  6.8494769E-06
  6.7188917E-06
  6.5554632E-06
  6.4062115E-06
  6.1146170E-06
  5.9436143E-06
  5.7760512E-06
  5.6707759E-06
  5.4764387E-06
  5.2222922E-06
  5.2301480E-06
  4.9961068E-06
  4.8262618E-06
  4.7323665E-06
  4.6451482E-06
  4.4767226E-06
  4.2938655E-06
  4.2293282E-06
  4.1086828E-06
  4.0046302E-06
  3.8617277E-06
  3.8010628E-06
  3.6855145E-06
  3.5481255E-06
  3.4593863E-06
  3.3977967E-06
  3.3062408E-06
  3.2088913E-06
  3.1315187E-06
  3.0363699E-06
  2.9844978E-06
  2.8421246E-06
  2.8060067E-06
  2.7286917E-06
  2.6634837E-06
  2.5813595E-06
  2.4924755E-06
  2.4701303E-06
  2.3631171E-06
  2.3078214E-06
  2.2284710E-06
  2.1883845E-06
  2.1447011E-06
  2.0523478E-06
  1.9896568E-06
  1.9592826E-06
  1.8915689E-06
  1.8444331E-06
  1.7698302E-06
  1.7343782E-06
  1.6875446E-06
  1.6414505E-06
  1.5871715E-06
  1.5362101E-06
  1.4989490E-06
  1.4486262E-06
  1.4005017E-06
  1.3586186E-06
  1.3240065E-06
  1.2878370E-06
  1.2311616E-06
  1.1963373E-06
  1.1628691E-06
  1.1199006E-06
  1.0841056E-06
  1.0554015E-06
  1.0328071E-06
  9.8018290E-07
  9.5919916E-07
  9.1808005E-07
  8.9742986E-07
  8.5636731E-07
  8.3479074E-07
  8.0311725E-07
  7.7842367E-07
  7.5598615E-07
  7.2178779E-07
  6.9636548E-07
  6.7517044E-07
  6.5049130E-07
  6.2160183E-07
  6.0097420E-07
  5.8026126E-07
  5.6136616E-07
  5.3804939E-07
  5.1674903E-07
  5.0139664E-07
  4.7770294E-07
  4.6061015E-07
  4.4378899E-07
  4.2586026E-07
  4.0981959E-07
  3.9445160E-07
  3.7772318E-07
  3.6320699E-07
  3.4785705E-07
  3.3535511E-07
  3.2210468E-07
  3.0700147E-07
  2.9678475E-07
  2.8357232E-07
  2.7227890E-07
  2.6032339E-07
  2.4936770E-07
  2.3826195E-07
  2.2838175E-07
  2.1939132E-07
  2.1034801E-07
  1.9996622E-07
  1.9226974E-07
  1.8503253E-07
  1.7500902E-07
  1.6866261E-07
  1.6105012E-07
  1.5500734E-07
  1.4720915E-07
  1.4033959E-07
  1.3436274E-07
  1.2796383E-07
  1.2294544E-07
  1.1635814E-07
  1.1087906E-07
  1.0696175E-07
  1.0184455E-07
  9.7667801E-08
  9.2951041E-08
  8.9631058E-08
  8.4662446E-08
  8.1286665E-08
  7.7414718E-08
  7.4801484E-08
  7.0876048E-08
  6.7404976E-08
  6.4553859E-08
  6.1740529E-08
  5.8692144E-08
  5.5500031E-08
  5.3762577E-08
  5.1111364E-08
  4.9087987E-08
  4.6465775E-08
  4.4885621E-08
  4.2722863E-08
  4.0759815E-08
  3.9193740E-08
  3.7329958E-08
  3.5836834E-08
  3.4208163E-08
  3.2717324E-08
  3.1467124E-08
  2.9921690E-08
  2.8717132E-08
  2.7264401E-08
  2.6290591E-08
  2.5349454E-08
  2.4299704E-08
  2.3443336E-08
  2.2631950E-08
  2.1723281E-08
  2.0854884E-08
  1.9940645E-08
