0.000000000000000000e+00
1.006954047625189946e-01
2.006653782154899923e-01
3.007037818315440036e-01
4.004396391246700104e-01
5.008201093733080089e-01
6.008543218049450241e-01
7.003458559338470168e-01
8.005140541790749520e-01
9.001504449843199529e-01
1.000443573590019897e+00
1.100177874541260037e+00
1.200459454470550025e+00
1.300459183359639947e+00
1.400580960878869963e+00
1.500492089544420038e+00
1.600346808307220092e+00
1.700473000964850101e+00
1.800273740242120057e+00
1.900788613740590050e+00
2.000834290127389892e+00
2.100715839784240035e+00
2.200423997986950209e+00
2.300042281465719984e+00
2.400107893408859994e+00
2.500715902468070073e+00
2.600070609987600090e+00
2.700169599047510083e+00
2.800026740747850074e+00
2.900896192542859797e+00
3.000901302366400181e+00
3.100833622171189852e+00
3.200678686771429859e+00
3.300231015848110072e+00
3.400393962117960189e+00
3.500166625206480031e+00
3.600850299655579789e+00
3.700903092729280086e+00
3.800009079292069991e+00
3.900177094139510192e+00
4.000897132194950245e+00
4.100618102514999919e+00
4.200330335777829660e+00
4.300024233074510427e+00
4.400958739148340015e+00
4.500731788531989963e+00
4.601020369605979710e+00
4.700840945864910303e+00
4.800146338602639950e+00
4.901010491579650186e+00
5.000871594369529660e+00
5.100440274880379654e+00
5.200921298048339914e+00
5.300139977320210249e+00
5.400464106918660079e+00
5.500090484580139716e+00
5.600174613951820035e+00
5.700059425478680275e+00
5.800057713975549589e+00
5.901019286407970021e+00
6.000222021437370046e+00
6.100250367642730431e+00
6.200161170141660349e+00
6.300267515223819892e+00
6.400764555364729880e+00
6.500944718762180052e+00
6.600131350292939736e+00
6.700256004274709909e+00
6.799995952416789891e+00
6.900092495969150086e+00
7.000145182260889776e+00
7.100538887389119758e+00
7.200229800902889998e+00
7.300880585695270319e+00
7.400797334659729998e+00
