0.000000000000000000e+00
1.014529026579110010e-01
2.011062035744539955e-01
3.006103960797190111e-01
4.010808730090499874e-01
5.001318959693890065e-01
6.008734369825110555e-01
7.010556910245210327e-01
8.018172482552470282e-01
9.003350943967229902e-01
1.001892629225040077e+00
2.002347126108360076e+00
3.002065578330079809e+00
4.000420486525399610e+00
5.002146223123419944e+00
6.001565020385900340e+00
7.000521029840459875e+00
8.001715694234009746e+00
9.001153338613219645e+00
1.000096457140170081e+01
1.100052040829909927e+01
1.200199155751029956e+01
1.300194940474469973e+01
1.400069174091910007e+01
1.500080820437869988e+01
1.600082148346699995e+01
1.700161945950819842e+01
1.800016137500639957e+01
1.900257299505760145e+01
2.000043515823200124e+01
2.100058901260490174e+01
2.200175351891079956e+01
2.300253933589560162e+01
2.400022010694370067e+01
2.500020795859749967e+01
2.600134763147800143e+01
2.700155011072639866e+01
2.800066418116330169e+01
2.900054530004850051e+01
3.000204213740650161e+01
3.100052128217069836e+01
3.200009548108209856e+01
3.300257044707539933e+01
3.400237555676719836e+01
3.500102939634229671e+01
3.600002671932450227e+01
3.700083498019380102e+01
3.800207214898549779e+01
3.900143438766829718e+01
4.000039489174380236e+01
4.100140173736139815e+01
4.200236975922599925e+01
4.300142138134110326e+01
4.400107385803129745e+01
4.500118304011989778e+01
4.600124953230260161e+01
4.700147947113150337e+01
4.800029799898040039e+01
4.900229038504770074e+01
5.000232725412929824e+01
5.100029201674620083e+01
5.200067791368930159e+01
5.300096230246710149e+01
5.400113349562160181e+01
5.500047125658600322e+01
5.600128552698880213e+01
5.700242790245099656e+01
5.800120915586010284e+01
5.900013635007780266e+01
6.000136029443820007e+01
6.100010385501079924e+01
6.200019420855100094e+01
6.300083896689469753e+01
6.400245905938210456e+01
6.500204722638589772e+01
6.600094922687280530e+01
6.700205426939649556e+01
6.800050991223540109e+01
6.900006955445860513e+01
7.000112361271750672e+01
7.100211572434639606e+01
7.200025555185860071e+01
7.300085878485700164e+01
7.400258596919590559e+01
7.500100047016169924e+01
7.600013528452839751e+01
7.700033967741180163e+01
7.800105091763539633e+01
7.900082885639859853e+01
8.000077213693289480e+01
8.100239954146670129e+01
8.200262990812190367e+01
8.300083900193570230e+01
8.400065002098560285e+01
8.500033133945539987e+01
8.600156114631680282e+01
8.700124672261880221e+01
8.800220114135299809e+01
8.900143586684130526e+01
9.000251385135929638e+01
9.100124018176579455e+01
9.200017960005790485e+01
9.300123534825979732e+01
9.400227623878160443e+01
9.500013117401979912e+01
9.600129267349259976e+01
9.700094791155420637e+01
9.800058549267120611e+01
9.900260800003890438e+01
1.000020977833480060e+02
1.010006582033239937e+02
1.020008536639510055e+02
1.030001517497589987e+02
1.040010507305850069e+02
1.050016596663629969e+02
1.060016596593780065e+02
1.070001859897169965e+02
1.080023078549420035e+02
1.090014481496759942e+02
1.100000121584159984e+02
1.110024167500669989e+02
1.120004890376589941e+02
1.130017411576120026e+02
1.140003714182529961e+02
1.150017931108010032e+02
1.160025373453970019e+02
1.170016199345119929e+02
1.180009353500790041e+02
1.190009847731560058e+02
1.200018796898080069e+02
1.210024111673120046e+02
1.220004206486629954e+02
1.230023549187459935e+02
1.240025136882899943e+02
1.250006904223120046e+02
1.260004403754140014e+02
1.270014390961150070e+02
1.280002409061999913e+02
1.290011512260529969e+02
1.300002240713220090e+02
1.310015377518720072e+02
1.320003896060520105e+02
1.330001139265370114e+02
1.340012949595110001e+02
1.350009201334320039e+02
1.360012183694049952e+02
1.370014354576709934e+02
1.380006441824369858e+02
1.390007432386630057e+02
1.400024668630209987e+02
1.410022578618950035e+02
1.420005074358199977e+02
1.430002721694179968e+02
1.440011895461360041e+02
1.450008044197460038e+02
1.460007804268389862e+02
1.470018026058679936e+02
1.480000298926609901e+02
1.490014832268350062e+02
1.500002502937570057e+02
1.510020982192949930e+02
1.520014773943109958e+02
1.530013180319220112e+02
1.540020713708950097e+02
1.550022703689170100e+02
1.560001251952490122e+02
1.570014636593990076e+02
1.580004151308679923e+02
1.590016601870300121e+02
1.600002380042569996e+02
1.610026310103710045e+02
1.620004443682259989e+02
1.630008567414479899e+02
1.640011893869960033e+02
1.650001537550120077e+02
1.660022204207490120e+02
1.666784147167350056e+02
1.670000861122389892e+02
1.680015955296109951e+02
1.690001155739880119e+02
1.700005641045279958e+02
1.710013115045150016e+02
1.720026526465080110e+02
1.730012408674809876e+02
1.740025164053080005e+02
1.750006706813580024e+02
1.760010228053430126e+02
1.770008145438040117e+02
1.780007730859219919e+02
1.790016585272969962e+02
1.800026459422080052e+02
1.810001523013339977e+02
1.820000696395289879e+02
1.830022860104799918e+02
1.840026207058110117e+02
1.850010767042990096e+02
1.860024722426900041e+02
1.870008825915280113e+02
1.880021652105500038e+02
1.890024567168439944e+02
1.900020654031540062e+02
1.910007475366579968e+02
1.920015956657009895e+02
1.930002224938940003e+02
1.940026971733310006e+02
1.950025433901460019e+02
1.960001271726800098e+02
1.970019837280269996e+02
1.980015912158999924e+02
1.990007781742019972e+02
2.000019444444330077e+02
2.010008457405490105e+02
2.020003330814649871e+02
2.030001078440110120e+02
2.040027325662670137e+02
2.050000043719770133e+02
2.060001306492490016e+02
2.070005237216250009e+02
2.080021626196690079e+02
2.090024532045939907e+02
2.100013500241909981e+02
2.110023073165789924e+02
2.120014062760749880e+02
2.130025160238149908e+02
2.140017130242779899e+02
2.150011188419300083e+02
2.160009842075519941e+02
2.170009644638629993e+02
2.180015747923170011e+02
2.190022198388469974e+02
2.199999960297139978e+02
2.210006068967630029e+02
2.220012636031019895e+02
2.230022273584040136e+02
2.240007226729649972e+02
2.250017718636659936e+02
2.260018117066940135e+02
2.270010350294180057e+02
2.280004181453840033e+02
2.290003703913529876e+02
2.300005279204339956e+02
2.310010718134579975e+02
2.320017589920319949e+02
2.330003101163889880e+02
2.340016877718149999e+02
2.350003333305359945e+02
2.360009953143890016e+02
2.370013944094530132e+02
2.380012018695119878e+02
2.390005462689439923e+02
2.400017458773799888e+02
2.410009281066600124e+02
2.420006673841270128e+02
2.430003676277700038e+02
2.440005847888529900e+02
2.450006881557060012e+02
2.460015883942249957e+02
2.470003377726530118e+02
2.480009946526259910e+02
2.490023049752929865e+02
2.500025220545360014e+02
2.510020051993199957e+02
2.520020679478180057e+02
2.530023398215419945e+02
2.540001179063690131e+02
2.550015537671860102e+02
2.560011733102729750e+02
2.570015469455390189e+02
2.580022489308029776e+02
2.590004377973959890e+02
2.600016143240500242e+02
2.610025020405299756e+02
2.620007250524359961e+02
2.630019974691679749e+02
2.640024917919070049e+02
2.650024055835090167e+02
2.660016000014149995e+02
2.670007644114079994e+02
2.680002165905900142e+02
2.690018275299229913e+02
2.700016915473970016e+02
2.710023316362639889e+02
2.720010875210280119e+02
2.730027216808520052e+02
2.740020032089669826e+02
2.750010116902410005e+02
2.760024486197510214e+02
2.770012861956490156e+02
2.780003439598950195e+02
2.790021498836579781e+02
2.800014588544149774e+02
2.810005094531230156e+02
2.820021990633100017e+02
2.830012868097400087e+02
2.840002109894409728e+02
2.850019768849600155e+02
2.860011240866729736e+02
2.870008875530330101e+02
2.880009454865939915e+02
2.890013009067620260e+02
2.900017244821070221e+02
2.910025456288710188e+02
2.920002284615180201e+02
2.930005348410920192e+02
2.940006211592699970e+02
2.950003304193380131e+02
2.960002538191620260e+02
2.970003316995570231e+02
2.980003930964160190e+02
2.990005358160710216e+02
3.000006643048250226e+02
3.000117086876419989e+02
