#--it-----t--------dt-------rhomin------rhomax-------umax--------urms--------brms--------bmax--------arms--------amax--------ubm--------ubrms-------divum-------divu2m------Sij2m-------ab_int------jb_int------ub_int-------abm------visc_heatm-
    0    0.000  1.03E-03 1.00000E+00 1.00000E+00 0.00000E+00 0.00000E+00 2.21199E-01 8.90783E-01 1.16810E-03 4.58788E-03  0.0000E+00 0.00000E+00  0.0000E+00 0.00000E+00 0.00000E+00 -2.7915E-07  2.7535E-02  0.0000E+00 -1.1254E-09 0.00000E+00
   20    0.017  8.69E-04 8.46611E-01 1.13374E+00 2.92134E-01 4.74393E-02 1.56673E-01 5.44626E-01 9.55862E-04 3.67548E-03 -1.0612E-07 4.32485E-03 -1.9554E-11 8.11247E+00 9.06174E+01 -4.1165E-07  4.7283E-02 -2.6322E-05 -1.6595E-09 1.80036E-03
   40    0.035  9.03E-04 9.10545E-01 1.10342E+00 3.13716E-01 5.42351E-02 1.27901E-01 4.14035E-01 8.56123E-04 3.20242E-03 -1.0673E-07 3.97741E-03 -2.2851E-11 2.75365E+00 1.00161E+02 -7.0602E-07  2.5786E-02 -2.6475E-05 -2.8463E-09 3.25786E-04
   45    0.040  9.03E-04 9.22813E-01 1.09003E+00 3.07335E-01 5.50963E-02 1.22625E-01 3.99531E-01 8.37367E-04 3.12840E-03 -1.0141E-07 3.85865E-03 -3.6039E-11 2.46962E+00 9.97745E+01 -7.6873E-07  2.0516E-02 -2.5155E-05 -3.0991E-09 2.73640E-04
   50    0.044  9.13E-04 9.29675E-01 1.09213E+00 3.00079E-01 5.56957E-02 1.17822E-01 3.92686E-01 8.20171E-04 3.06498E-03 -9.4439E-08 3.73567E-03 -1.5802E-11 2.09665E+00 9.85857E+01 -8.2564E-07  1.5605E-02 -2.3426E-05 -3.3285E-09 2.11372E-04
   55    0.049  9.18E-04 9.33887E-01 1.08263E+00 2.88421E-01 5.61082E-02 1.13409E-01 3.82422E-01 8.04277E-04 3.03194E-03 -8.6351E-08 3.61271E-03  3.8540E-11 1.87867E+00 9.69450E+01 -8.7716E-07  1.1066E-02 -2.1419E-05 -3.5362E-09 1.77860E-04
   60    0.053  9.28E-04 9.40881E-01 1.07018E+00 2.85497E-01 5.63568E-02 1.09337E-01 3.71534E-01 7.89544E-04 2.99644E-03 -7.7959E-08 3.49004E-03  2.4954E-11 1.70376E+00 9.49072E+01 -9.2369E-07  6.9061E-03 -1.9338E-05 -3.7238E-09 1.52283E-04
   65    0.058  9.31E-04 9.42518E-01 1.06551E+00 2.85803E-01 5.64617E-02 1.05578E-01 3.62412E-01 7.75880E-04 2.95866E-03 -6.9709E-08 3.37313E-03 -1.0004E-11 1.54460E+00 9.25744E+01 -9.6561E-07  3.1524E-03 -1.7291E-05 -3.8928E-09 1.30330E-04
   70    0.063  9.26E-04 9.42032E-01 1.06054E+00 2.83821E-01 5.64547E-02 1.02125E-01 3.53587E-01 7.63266E-04 2.91937E-03 -6.1729E-08 3.26085E-03 -2.7285E-11 1.43642E+00 9.00842E+01 -1.0032E-06 -1.3621E-04 -1.5312E-05 -4.0443E-09 1.16098E-04
   75    0.067  9.30E-04 9.46438E-01 1.05702E+00 2.80124E-01 5.63533E-02 9.89463E-02 3.42240E-01 7.51600E-04 2.89414E-03 -5.3876E-08 3.14839E-03 -1.9099E-11 1.32998E+00 8.74894E+01 -1.0369E-06 -3.0352E-03 -1.3364E-05 -4.1801E-09 1.02672E-04
   80    0.072  9.34E-04 9.52412E-01 1.05637E+00 2.74758E-01 5.61752E-02 9.59817E-02 3.28684E-01 7.40683E-04 2.87174E-03 -4.6194E-08 3.03720E-03  2.2396E-11 1.23015E+00 8.48324E+01 -1.0672E-06 -5.7225E-03 -1.1458E-05 -4.3023E-09 9.06468E-05
   85    0.077  9.38E-04 9.54298E-01 1.05273E+00 2.66269E-01 5.59362E-02 9.32135E-02 3.15577E-01 7.30457E-04 2.84923E-03 -3.8970E-08 2.93267E-03 -3.0639E-11 1.15600E+00 8.21678E+01 -1.0942E-06 -8.2444E-03 -9.6665E-06 -4.4111E-09 8.20873E-05
   90    0.081  9.46E-04 9.55327E-01 1.05265E+00 2.55417E-01 5.56442E-02 9.06205E-02 3.04091E-01 7.20842E-04 2.82610E-03 -3.2269E-08 2.83510E-03 -2.4670E-11 1.08557E+00 7.95050E+01 -1.1181E-06 -1.0547E-02 -8.0043E-06 -4.5074E-09 7.42309E-05
   95    0.086  9.51E-04 9.56990E-01 1.04628E+00 2.52971E-01 5.53094E-02 8.81860E-02 2.93330E-01 7.11782E-04 2.80133E-03 -2.6091E-08 2.74157E-03  2.9956E-11 1.02674E+00 7.68704E+01 -1.1392E-06 -1.2597E-02 -6.4720E-06 -4.5925E-09 6.79000E-05
  100    0.091  9.54E-04 9.58693E-01 1.04656E+00 2.49838E-01 5.49398E-02 8.58997E-02 2.81974E-01 7.03241E-04 2.77465E-03 -2.0473E-08 2.65073E-03 -5.2921E-11 9.72709E-01 7.42836E+01 -1.1577E-06 -1.4411E-02 -5.0784E-06 -4.6673E-09 6.22626E-05
  105    0.096  9.58E-04 9.58995E-01 1.04469E+00 2.40932E-01 5.45424E-02 8.37506E-02 2.72752E-01 6.95187E-04 2.74718E-03 -1.5518E-08 2.56371E-03  3.2628E-11 9.21262E-01 7.17613E+01 -1.1739E-06 -1.6009E-02 -3.8494E-06 -4.7326E-09 5.70591E-05
  110    0.100  9.60E-04 9.57168E-01 1.04264E+00 2.34947E-01 5.41234E-02 8.17255E-02 2.66470E-01 6.87572E-04 2.72025E-03 -1.1188E-08 2.48152E-03 -1.5348E-11 8.78169E-01 6.93142E+01 -1.1881E-06 -1.7421E-02 -2.7753E-06 -4.7897E-09 5.28399E-05
  115    0.105  9.61E-04 9.58206E-01 1.04204E+00 2.31178E-01 5.36876E-02 7.98176E-02 2.61592E-01 6.80373E-04 2.69375E-03 -7.3833E-09 2.40402E-03  4.6498E-11 8.37936E-01 6.69473E+01 -1.2005E-06 -1.8701E-02 -1.8315E-06 -4.8398E-09 4.90010E-05
  120    0.110  9.62E-04 9.62547E-01 1.03861E+00 2.27497E-01 5.32397E-02 7.80200E-02 2.58524E-01 6.73565E-04 2.66640E-03 -3.9758E-09 2.33050E-03  2.0350E-11 8.01899E-01 6.46680E+01 -1.2114E-06 -1.9876E-02 -9.8613E-07 -4.8836E-09 4.56584E-05
  125    0.115  9.66E-04 9.62259E-01 1.03760E+00 2.25997E-01 5.27824E-02 7.63209E-02 2.55392E-01 6.67106E-04 2.63743E-03 -9.1148E-10 2.26032E-03 -2.2396E-11 7.68995E-01 6.24737E+01 -1.2208E-06 -2.0946E-02 -2.2617E-07 -4.9214E-09 4.26832E-05
  130    0.120  9.63E-04 9.61639E-01 1.03785E+00 2.22651E-01 5.23182E-02 7.47115E-02 2.52019E-01 6.60967E-04 2.60729E-03  1.7325E-09 2.19333E-03  2.6120E-11 7.37899E-01 6.03633E+01 -1.2287E-06 -2.1919E-02  4.2967E-07 -4.9535E-09 3.99380E-05
  135    0.125  9.65E-04 9.63621E-01 1.03412E+00 2.17415E-01 5.18520E-02 7.31920E-02 2.48414E-01 6.55148E-04 2.60252E-03  3.9090E-09 2.12994E-03 -6.9576E-11 7.10186E-01 5.83467E+01 -1.2353E-06 -2.2824E-02  9.6968E-07 -4.9801E-09 3.75490E-05
  140    0.129  9.68E-04 9.66825E-01 1.03451E+00 2.11708E-01 5.13829E-02 7.17473E-02 2.44670E-01 6.49596E-04 2.59542E-03  5.6486E-09 2.06971E-03  7.0486E-12 6.84198E-01 5.64095E+01 -1.2406E-06 -2.3677E-02  1.4012E-06 -5.0016E-09 3.53607E-05
  145    0.134  9.74E-04 9.67337E-01 1.03537E+00 2.10905E-01 5.09120E-02 7.03706E-02 2.41848E-01 6.44285E-04 2.58706E-03  6.9951E-09 2.01228E-03  2.5693E-11 6.60084E-01 5.45481E+01 -1.2448E-06 -2.4468E-02  1.7352E-06 -5.0184E-09 3.33761E-05
  150    0.139  9.73E-04 9.67259E-01 1.03334E+00 2.10633E-01 5.04412E-02 6.90585E-02 2.40867E-01 6.39203E-04 2.57843E-03  8.0448E-09 1.95738E-03 -1.2612E-11 6.37932E-01 5.27625E+01 -1.2479E-06 -2.5190E-02  1.9954E-06 -5.0310E-09 3.15842E-05
  155    0.144  9.76E-04 9.68074E-01 1.03210E+00 2.09056E-01 4.99726E-02 6.78092E-02 2.39640E-01 6.34345E-04 2.56962E-03  8.8386E-09 1.90498E-03 -1.7053E-12 6.16912E-01 5.10534E+01 -1.2501E-06 -2.5854E-02  2.1924E-06 -5.0396E-09 2.99218E-05
  160    0.149  9.77E-04 9.68896E-01 1.03074E+00 2.05809E-01 4.95067E-02 6.66170E-02 2.39471E-01 6.29691E-04 2.56002E-03  9.4318E-09 1.85500E-03  3.3424E-11 5.97422E-01 4.94170E+01 -1.2513E-06 -2.6467E-02  2.3396E-06 -5.0445E-09 2.84105E-05
  165    0.154  9.80E-04 9.69815E-01 1.03235E+00 2.01671E-01 4.90440E-02 6.54774E-02 2.38908E-01 6.25224E-04 2.54890E-03  9.8853E-09 1.80731E-03 -1.2506E-11 5.79112E-01 4.78488E+01 -1.2517E-06 -2.7006E-02  2.4520E-06 -5.0460E-09 2.70197E-05
  170    0.159  9.82E-04 9.69633E-01 1.03013E+00 1.97021E-01 4.85851E-02 6.43865E-02 2.37719E-01 6.20931E-04 2.53608E-03  1.0188E-08 1.76171E-03  3.4277E-11 5.61967E-01 4.63458E+01 -1.2513E-06 -2.7452E-02  2.5271E-06 -5.0446E-09 2.57363E-05
  175    0.164  9.82E-04 9.70739E-01 1.02968E+00 1.98504E-01 4.81312E-02 6.33431E-02 2.36172E-01 6.16806E-04 2.52219E-03  1.0334E-08 1.71808E-03 -4.4906E-12 5.45977E-01 4.49076E+01 -1.2503E-06 -2.7821E-02  2.5634E-06 -5.0406E-09 2.45641E-05
  180    0.168  9.82E-04 9.68151E-01 1.02873E+00 1.96202E-01 4.76830E-02 6.23448E-02 2.34717E-01 6.12845E-04 2.50809E-03  1.0295E-08 1.67636E-03 -1.3245E-11 5.30618E-01 4.35323E+01 -1.2488E-06 -2.8156E-02  2.5538E-06 -5.0344E-09 2.34575E-05
  185    0.173  9.83E-04 9.71844E-01 1.02828E+00 1.93439E-01 4.72409E-02 6.13885E-02 2.33319E-01 6.09034E-04 2.49401E-03  1.0050E-08 1.63647E-03  5.1159E-12 5.16285E-01 4.22166E+01 -1.2467E-06 -2.8473E-02  2.4931E-06 -5.0259E-09 2.24405E-05
  190    0.178  9.86E-04 9.72250E-01 1.02965E+00 1.91752E-01 4.68043E-02 6.04699E-02 2.31569E-01 6.05357E-04 2.47973E-03  9.6170E-09 1.59824E-03  6.8212E-13 5.02864E-01 4.09554E+01 -1.2441E-06 -2.8750E-02  2.3855E-06 -5.0154E-09 2.15059E-05
  195    0.183  9.87E-04 9.72665E-01 1.02823E+00 1.90747E-01 4.63737E-02 5.95871E-02 2.29333E-01 6.01809E-04 2.46510E-03  9.0318E-09 1.56160E-03 -1.6712E-11 4.89959E-01 3.97465E+01 -1.2410E-06 -2.8967E-02  2.2404E-06 -5.0030E-09 2.06176E-05
  200    0.188  9.84E-04 9.72046E-01 1.02732E+00 1.92435E-01 4.59500E-02 5.87398E-02 2.26874E-01 5.98389E-04 2.45011E-03  8.3328E-09 1.52649E-03  2.3874E-11 4.77849E-01 3.85901E+01 -1.2375E-06 -2.9129E-02  2.0669E-06 -4.9891E-09 1.97991E-05
  205    0.193  9.86E-04 9.72316E-01 1.02729E+00 1.91612E-01 4.55340E-02 5.79268E-02 2.24394E-01 5.95094E-04 2.43463E-03  7.5344E-09 1.49285E-03  2.4784E-11 4.66413E-01 3.74846E+01 -1.2338E-06 -2.9261E-02  1.8689E-06 -4.9739E-09 1.90347E-05
  210    0.198  9.87E-04 9.72201E-01 1.02685E+00 1.87913E-01 4.51240E-02 5.71433E-02 2.21849E-01 5.91904E-04 2.41863E-03  6.6310E-09 1.46051E-03  0.0000E+00 4.55479E-01 3.64237E+01 -1.2297E-06 -2.9389E-02  1.6449E-06 -4.9574E-09 1.83205E-05
  215    0.203  9.90E-04 9.71254E-01 1.02644E+00 1.84342E-01 4.47201E-02 5.63873E-02 2.19240E-01 5.88813E-04 2.40238E-03  5.6114E-09 1.42939E-03 -5.7980E-12 4.44960E-01 3.54048E+01 -1.2253E-06 -2.9517E-02  1.3919E-06 -4.9396E-09 1.76433E-05
  220    0.208  9.90E-04 9.72678E-01 1.02557E+00 1.81884E-01 4.43224E-02 5.56577E-02 2.16691E-01 5.85817E-04 2.38607E-03  4.4720E-09 1.39946E-03 -3.2287E-11 4.35001E-01 3.44266E+01 -1.2206E-06 -2.9626E-02  1.1092E-06 -4.9207E-09 1.70071E-05
  225    0.213  9.93E-04 9.73407E-01 1.02714E+00 1.77367E-01 4.39313E-02 5.49534E-02 2.14163E-01 5.82913E-04 2.36957E-03  3.2270E-09 1.37065E-03  2.9559E-11 4.25620E-01 3.34874E+01 -1.2156E-06 -2.9684E-02  8.0048E-07 -4.9007E-09 1.64166E-05
  230    0.218  9.96E-04 9.74603E-01 1.02586E+00 1.73424E-01 4.35460E-02 5.42722E-02 2.11357E-01 5.80092E-04 2.35274E-03  1.8845E-09 1.34287E-03  1.8645E-11 4.16554E-01 3.25843E+01 -1.2105E-06 -2.9675E-02  4.6747E-07 -4.8799E-09 1.58521E-05
  235    0.223  9.95E-04 9.73194E-01 1.02463E+00 1.74040E-01 4.31671E-02 5.36136E-02 2.08032E-01 5.77353E-04 2.33582E-03  4.5178E-10 1.31610E-03 -6.0254E-12 4.07731E-01 3.17164E+01 -1.2052E-06 -2.9612E-02  1.1213E-07 -4.8586E-09 1.53128E-05
  240    0.228  9.97E-04 9.74392E-01 1.02568E+00 1.73510E-01 4.27950E-02 5.29773E-02 2.04291E-01 5.74695E-04 2.33189E-03 -1.0604E-09 1.29031E-03 -8.0433E-12 3.99447E-01 3.08834E+01 -1.1998E-06 -2.9524E-02 -2.6308E-07 -4.8371E-09 1.48101E-05
  245    0.233  9.99E-04 9.74662E-01 1.02427E+00 1.72430E-01 4.24289E-02 5.23609E-02 2.00400E-01 5.72109E-04 2.32858E-03 -2.6472E-09 1.26541E-03  3.0013E-11 3.91576E-01 3.00816E+01 -1.1944E-06 -2.9437E-02 -6.5659E-07 -4.8153E-09 1.43382E-05
  250    0.238  1.00E-03 9.72919E-01 1.02454E+00 1.70602E-01 4.20687E-02 5.17635E-02 1.97038E-01 5.69593E-04 2.32513E-03 -4.3090E-09 1.24135E-03 -1.6712E-11 3.83921E-01 2.93099E+01 -1.1889E-06 -2.9358E-02 -1.0689E-06 -4.7930E-09 1.38889E-05
  255    0.243  1.00E-03 9.76088E-01 1.02440E+00 1.67665E-01 4.17148E-02 5.11850E-02 1.95016E-01 5.67146E-04 2.32188E-03 -6.0387E-09 1.21812E-03 -1.0687E-11 3.76506E-01 2.85678E+01 -1.1832E-06 -2.9274E-02 -1.4979E-06 -4.7702E-09 1.34574E-05
  260    0.248  1.00E-03 9.75842E-01 1.02416E+00 1.64801E-01 4.13670E-02 5.06241E-02 1.92303E-01 5.64763E-04 2.31838E-03 -7.8390E-09 1.19569E-03  2.2396E-11 3.69488E-01 2.78535E+01 -1.1775E-06 -2.9172E-02 -1.9444E-06 -4.7471E-09 1.30535E-05
  265    0.253  1.00E-03 9.76502E-01 1.02546E+00 1.66291E-01 4.10258E-02 5.00809E-02 1.89451E-01 5.62446E-04 2.31404E-03 -9.7035E-09 1.17405E-03 -4.6867E-11 3.62685E-01 2.71670E+01 -1.1718E-06 -2.9056E-02 -2.4071E-06 -4.7239E-09 1.26659E-05
  270    0.258  1.00E-03 9.75643E-01 1.02377E+00 1.68868E-01 4.06902E-02 4.95533E-02 1.87079E-01 5.60187E-04 2.30863E-03 -1.1631E-08 1.15311E-03 -1.7351E-11 3.56138E-01 2.65052E+01 -1.1660E-06 -2.8934E-02 -2.8851E-06 -4.7008E-09 1.22958E-05
  275    0.263  1.00E-03 9.75664E-01 1.02329E+00 1.69197E-01 4.03601E-02 4.90403E-02 1.85337E-01 5.57980E-04 2.30239E-03 -1.3618E-08 1.13282E-03  2.7740E-11 3.49950E-01 2.58668E+01 -1.1603E-06 -2.8811E-02 -3.3779E-06 -4.6775E-09 1.19507E-05
  280    0.268  1.00E-03 9.76477E-01 1.02274E+00 1.70002E-01 4.00363E-02 4.85430E-02 1.83832E-01 5.55832E-04 2.29569E-03 -1.5642E-08 1.11321E-03 -1.8474E-12 3.43862E-01 2.52526E+01 -1.1545E-06 -2.8673E-02 -3.8802E-06 -4.6543E-09 1.16152E-05
  285    0.273  1.00E-03 9.75964E-01 1.02373E+00 1.68119E-01 3.97184E-02 4.80600E-02 1.82028E-01 5.53738E-04 2.28886E-03 -1.7708E-08 1.09424E-03  8.8960E-12 3.38000E-01 2.46610E+01 -1.1487E-06 -2.8509E-02 -4.3924E-06 -4.6309E-09 1.12953E-05
  290    0.278  1.00E-03 9.77261E-01 1.02278E+00 1.64447E-01 3.94058E-02 4.75900E-02 1.79765E-01 5.51692E-04 2.28212E-03 -1.9813E-08 1.07586E-03  2.0592E-11 3.32377E-01 2.40899E+01 -1.1429E-06 -2.8331E-02 -4.9144E-06 -4.6076E-09 1.09922E-05
  295    0.283  1.01E-03 9.76436E-01 1.02288E+00 1.60707E-01 3.90987E-02 4.71328E-02 1.77394E-01 5.49694E-04 2.27549E-03 -2.1942E-08 1.05806E-03 -8.5549E-12 3.26961E-01 2.35389E+01 -1.1371E-06 -2.8161E-02 -5.4428E-06 -4.5843E-09 1.07025E-05
  300    0.288  1.01E-03 9.77049E-01 1.02381E+00 1.61964E-01 3.87967E-02 4.66876E-02 1.75423E-01 5.47740E-04 2.26876E-03 -2.4104E-08 1.04080E-03 -2.5580E-12 3.21723E-01 2.30068E+01 -1.1314E-06 -2.8008E-02 -5.9789E-06 -4.5610E-09 1.04267E-05
  305    0.293  1.01E-03 9.74274E-01 1.02307E+00 1.61379E-01 3.85002E-02 4.62545E-02 1.74047E-01 5.45832E-04 2.26174E-03 -2.6299E-08 1.02407E-03  1.0232E-11 3.16662E-01 2.24935E+01 -1.1256E-06 -2.7856E-02 -6.5234E-06 -4.5377E-09 1.01633E-05
  310    0.298  1.01E-03 9.76650E-01 1.02300E+00 1.59346E-01 3.82087E-02 4.58325E-02 1.72959E-01 5.43965E-04 2.25449E-03 -2.8519E-08 1.00781E-03 -1.3188E-11 3.11718E-01 2.19975E+01 -1.1198E-06 -2.7677E-02 -7.0741E-06 -4.5146E-09 9.90651E-06
  315    0.303  1.01E-03 9.75850E-01 1.02294E+00 1.57323E-01 3.79218E-02 4.54208E-02 1.71613E-01 5.42138E-04 2.24721E-03 -3.0754E-08 9.91996E-04 -1.4495E-11 3.06906E-01 2.15176E+01 -1.1141E-06 -2.7463E-02 -7.6286E-06 -4.4915E-09 9.65952E-06
  320    0.308  1.01E-03 9.77805E-01 1.02271E+00 1.55919E-01 3.76395E-02 4.50189E-02 1.69719E-01 5.40346E-04 2.23996E-03 -3.2992E-08 9.76634E-04  2.1572E-11 3.02353E-01 2.10534E+01 -1.1085E-06 -2.7230E-02 -8.1836E-06 -4.4687E-09 9.42806E-06
  325    0.313  1.01E-03 9.78393E-01 1.02222E+00 1.54512E-01 3.73616E-02 4.46263E-02 1.67481E-01 5.38590E-04 2.23250E-03 -3.5228E-08 9.61699E-04 -1.3870E-11 2.97911E-01 2.06037E+01 -1.1029E-06 -2.7001E-02 -8.7382E-06 -4.4462E-09 9.20396E-06
  330    0.318  1.01E-03 9.78622E-01 1.02357E+00 1.52082E-01 3.70887E-02 4.42437E-02 1.66190E-01 5.36872E-04 2.22462E-03 -3.7458E-08 9.47212E-04  2.5352E-11 2.93549E-01 2.01692E+01 -1.0974E-06 -2.6794E-02 -9.2914E-06 -4.4240E-09 8.98679E-06
  335    0.323  1.01E-03 9.78732E-01 1.02432E+00 1.48886E-01 3.68203E-02 4.38701E-02 1.65597E-01 5.35188E-04 2.21637E-03 -3.9683E-08 9.33121E-04  2.3078E-11 2.89333E-01 1.97487E+01 -1.0919E-06 -2.6608E-02 -9.8433E-06 -4.4020E-09 8.77781E-06
  340    0.328  1.02E-03 9.74600E-01 1.02285E+00 1.46818E-01 3.65559E-02 4.35049E-02 1.64775E-01 5.33535E-04 2.20810E-03 -4.1900E-08 9.19392E-04 -6.2528E-13 2.85241E-01 1.93412E+01 -1.0865E-06 -2.6431E-02 -1.0393E-05 -4.3802E-09 8.57692E-06
  345    0.333  1.02E-03 9.76227E-01 1.02156E+00 1.46842E-01 3.62960E-02 4.31481E-02 1.63828E-01 5.31915E-04 2.20006E-03 -4.4102E-08 9.06029E-04  5.4854E-12 2.81293E-01 1.89466E+01 -1.0811E-06 -2.6251E-02 -1.0940E-05 -4.3584E-09 8.38767E-06
  350    0.338  1.02E-03 9.78643E-01 1.02195E+00 1.47690E-01 3.60404E-02 4.27996E-02 1.62887E-01 5.30327E-04 2.19212E-03 -4.6286E-08 8.93027E-04  2.3050E-11 2.77393E-01 1.85645E+01 -1.0757E-06 -2.6058E-02 -1.1481E-05 -4.3367E-09 8.19792E-06
  355    0.344  1.02E-03 9.79546E-01 1.02119E+00 1.47653E-01 3.57890E-02 4.24589E-02 1.61982E-01 5.28769E-04 2.18391E-03 -4.8449E-08 8.80377E-04  3.7517E-11 2.73626E-01 1.81943E+01 -1.0704E-06 -2.5851E-02 -1.2018E-05 -4.3152E-09 8.01785E-06
  360    0.349  1.02E-03 9.78789E-01 1.02326E+00 1.46416E-01 3.55419E-02 4.21258E-02 1.61033E-01 5.27240E-04 2.17517E-03 -5.0596E-08 8.68063E-04 -6.5370E-12 2.70059E-01 1.78356E+01 -1.0651E-06 -2.5633E-02 -1.2550E-05 -4.2939E-09 7.84823E-06
  365    0.354  1.02E-03 9.79137E-01 1.02235E+00 1.44942E-01 3.52985E-02 4.17999E-02 1.59958E-01 5.25739E-04 2.17013E-03 -5.2721E-08 8.56066E-04  1.5717E-11 2.66534E-01 1.74877E+01 -1.0599E-06 -2.5409E-02 -1.3077E-05 -4.2728E-09 7.68204E-06
  370    0.359  1.02E-03 9.78498E-01 1.02064E+00 1.43701E-01 3.50592E-02 4.14812E-02 1.58730E-01 5.24266E-04 2.16775E-03 -5.4816E-08 8.44381E-04  1.9497E-11 2.63049E-01 1.71504E+01 -1.0547E-06 -2.5187E-02 -1.3597E-05 -4.2519E-09 7.52129E-06
  375    0.364  1.02E-03 9.79447E-01 1.02100E+00 1.41845E-01 3.48241E-02 4.11697E-02 1.57370E-01 5.22821E-04 2.16540E-03 -5.6883E-08 8.33007E-04 -4.2746E-11 2.59704E-01 1.68237E+01 -1.0496E-06 -2.4977E-02 -1.4110E-05 -4.2314E-09 7.36730E-06
  380    0.369  1.02E-03 9.79485E-01 1.02310E+00 1.38687E-01 3.45924E-02 4.08644E-02 1.55925E-01 5.21400E-04 2.16299E-03 -5.8933E-08 8.21903E-04  1.1823E-11 2.56432E-01 1.65062E+01 -1.0446E-06 -2.4781E-02 -1.4618E-05 -4.2112E-09 7.21707E-06
  385    0.374  1.02E-03 9.79193E-01 1.02007E+00 1.37690E-01 3.43644E-02 4.05655E-02 1.54414E-01 5.20004E-04 2.16037E-03 -6.0961E-08 8.11077E-04  1.0687E-11 2.53227E-01 1.61982E+01 -1.0396E-06 -2.4592E-02 -1.5121E-05 -4.1913E-09 7.07122E-06
  390    0.379  1.02E-03 9.79418E-01 1.02086E+00 1.35802E-01 3.41402E-02 4.02727E-02 1.52771E-01 5.18633E-04 2.15745E-03 -6.2960E-08 8.00515E-04 -2.4386E-11 2.50149E-01 1.58993E+01 -1.0348E-06 -2.4402E-02 -1.5617E-05 -4.1716E-09 6.93188E-06
  395    0.384  1.02E-03 9.78969E-01 1.02118E+00 1.33656E-01 3.39195E-02 3.99860E-02 1.50943E-01 5.17285E-04 2.15434E-03 -6.4922E-08 7.90204E-04 -4.3086E-12 2.47159E-01 1.56090E+01 -1.0299E-06 -2.4209E-02 -1.6104E-05 -4.1520E-09 6.79671E-06
  400    0.389  1.02E-03 9.80008E-01 1.02050E+00 1.32695E-01 3.37023E-02 3.97050E-02 1.49035E-01 5.15960E-04 2.15122E-03 -6.6839E-08 7.80144E-04 -4.1155E-11 2.44225E-01 1.53271E+01 -1.0251E-06 -2.4020E-02 -1.6579E-05 -4.1327E-09 6.66691E-06
  405    0.394  1.02E-03 9.79633E-01 1.01997E+00 1.34400E-01 3.34886E-02 3.94299E-02 1.47288E-01 5.14658E-04 2.14819E-03 -6.8709E-08 7.70337E-04 -4.0359E-12 2.41363E-01 1.50534E+01 -1.0204E-06 -2.3838E-02 -1.7043E-05 -4.1136E-09 6.54000E-06
  410    0.400  1.02E-03 9.78926E-01 1.02027E+00 1.33574E-01 3.32779E-02 3.91596E-02 1.45860E-01 5.13375E-04 2.14509E-03 -7.0538E-08 7.60754E-04 -9.0381E-12 2.38534E-01 1.47870E+01 -1.0157E-06 -2.3663E-02 -1.7497E-05 -4.0947E-09 6.41748E-06
  415    0.405  1.02E-03 9.79720E-01 1.02018E+00 1.30355E-01 3.30704E-02 3.88946E-02 1.44747E-01 5.12113E-04 2.14172E-03 -7.2323E-08 7.51401E-04  7.3896E-12 2.35766E-01 1.45280E+01 -1.0111E-06 -2.3487E-02 -1.7940E-05 -4.0761E-09 6.29673E-06
  420    0.410  1.02E-03 9.80036E-01 1.01953E+00 1.29290E-01 3.28662E-02 3.86347E-02 1.43900E-01 5.10871E-04 2.13800E-03 -7.4068E-08 7.42262E-04  4.9084E-11 2.33134E-01 1.42762E+01 -1.0065E-06 -2.3306E-02 -1.8372E-05 -4.0578E-09 6.18323E-06
  425    0.415  1.02E-03 9.80152E-01 1.02054E+00 1.28757E-01 3.26649E-02 3.83794E-02 1.42851E-01 5.09648E-04 2.13405E-03 -7.5777E-08 7.33315E-04 -1.8588E-11 2.30573E-01 1.40311E+01 -1.0021E-06 -2.3124E-02 -1.8796E-05 -4.0398E-09 6.07340E-06
  430    0.420  1.02E-03 9.79573E-01 1.02003E+00 1.29068E-01 3.24668E-02 3.81292E-02 1.41829E-01 5.08446E-04 2.13002E-03 -7.7447E-08 7.24574E-04 -1.0090E-12 2.27994E-01 1.37928E+01 -9.9765E-07 -2.2949E-02 -1.9211E-05 -4.0220E-09 5.96326E-06
  435    0.425  1.02E-03 9.78162E-01 1.01977E+00 1.26943E-01 3.22718E-02 3.78838E-02 1.40994E-01 5.07262E-04 2.12602E-03 -7.9077E-08 7.16035E-04  2.7370E-11 2.25474E-01 1.35612E+01 -9.9330E-07 -2.2788E-02 -1.9615E-05 -4.0044E-09 5.85728E-06
  440    0.430  1.03E-03 9.80227E-01 1.02048E+00 1.24000E-01 3.20794E-02 3.76423E-02 1.40225E-01 5.06095E-04 2.12206E-03 -8.0667E-08 7.07670E-04  1.7053E-13 2.23067E-01 1.33353E+01 -9.8897E-07 -2.2637E-02 -2.0010E-05 -3.9870E-09 5.75548E-06
  445    0.435  1.02E-03 9.80724E-01 1.02044E+00 1.22755E-01 3.18896E-02 3.74048E-02 1.39322E-01 5.04943E-04 2.11817E-03 -8.2217E-08 6.99483E-04 -3.2912E-11 2.20722E-01 1.31151E+01 -9.8468E-07 -2.2489E-02 -2.0394E-05 -3.9697E-09 5.65780E-06
  450    0.440  1.02E-03 9.79669E-01 1.01997E+00 1.22619E-01 3.17027E-02 3.71718E-02 1.38283E-01 5.03809E-04 2.11433E-03 -8.3728E-08 6.91486E-04 -2.1316E-11 2.18370E-01 1.29008E+01 -9.8043E-07 -2.2344E-02 -2.0769E-05 -3.9526E-09 5.56069E-06
  455    0.446  1.03E-03 9.80730E-01 1.01964E+00 1.22798E-01 3.15184E-02 3.69428E-02 1.37272E-01 5.02692E-04 2.11041E-03 -8.5206E-08 6.83657E-04  2.8706E-12 2.16072E-01 1.26920E+01 -9.7622E-07 -2.2201E-02 -2.1135E-05 -3.9356E-09 5.46564E-06
  460    0.451  1.03E-03 9.78761E-01 1.01986E+00 1.21610E-01 3.13367E-02 3.67175E-02 1.36381E-01 5.01590E-04 2.10626E-03 -8.6651E-08 6.75984E-04 -3.1037E-11 2.13862E-01 1.24884E+01 -9.7205E-07 -2.2061E-02 -2.1494E-05 -3.9188E-09 5.37611E-06
  465    0.456  1.03E-03 9.81152E-01 1.01966E+00 1.20261E-01 3.11575E-02 3.64959E-02 1.35541E-01 5.00503E-04 2.10183E-03 -8.8062E-08 6.68463E-04 -1.4722E-11 2.11670E-01 1.22898E+01 -9.6793E-07 -2.1920E-02 -2.1844E-05 -3.9021E-09 5.28665E-06
  470    0.461  1.03E-03 9.80919E-01 1.02089E+00 1.18966E-01 3.09807E-02 3.62779E-02 1.34661E-01 4.99430E-04 2.09726E-03 -8.9435E-08 6.61090E-04  1.5291E-11 2.09558E-01 1.20961E+01 -9.6384E-07 -2.1776E-02 -2.2184E-05 -3.8857E-09 5.20104E-06
  475    0.466  1.03E-03 9.80449E-01 1.02066E+00 1.20402E-01 3.08064E-02 3.60636E-02 1.33761E-01 4.98372E-04 2.09560E-03 -9.0764E-08 6.53878E-04 -1.1084E-11 2.07482E-01 1.19073E+01 -9.5981E-07 -2.1624E-02 -2.2514E-05 -3.8694E-09 5.11785E-06
  480    0.471  1.03E-03 9.81402E-01 1.02040E+00 1.19584E-01 3.06348E-02 3.58531E-02 1.32903E-01 4.97330E-04 2.09391E-03 -9.2053E-08 6.46823E-04 -1.7820E-11 2.05361E-01 1.17233E+01 -9.5583E-07 -2.1471E-02 -2.2834E-05 -3.8534E-09 5.03300E-06
  485    0.476  1.03E-03 9.81638E-01 1.02094E+00 1.18756E-01 3.04657E-02 3.56461E-02 1.32058E-01 4.96303E-04 2.09139E-03 -9.3305E-08 6.39919E-04 -5.9970E-12 2.03358E-01 1.15441E+01 -9.5190E-07 -2.1326E-02 -2.3144E-05 -3.8375E-09 4.95356E-06
  490    0.482  1.03E-03 9.79537E-01 1.01967E+00 1.18293E-01 3.02990E-02 3.54425E-02 1.31119E-01 4.95290E-04 2.08851E-03 -9.4524E-08 6.33150E-04  3.8654E-12 2.01497E-01 1.13692E+01 -9.4801E-07 -2.1196E-02 -2.3447E-05 -3.8219E-09 4.88006E-06
  495    0.487  1.03E-03 9.80903E-01 1.01906E+00 1.18084E-01 3.01343E-02 3.52419E-02 1.30037E-01 4.94289E-04 2.08574E-03 -9.5711E-08 6.26506E-04  2.3164E-12 1.99560E-01 1.11983E+01 -9.4416E-07 -2.1085E-02 -2.3741E-05 -3.8063E-09 4.80445E-06
  500    0.492  1.03E-03 9.80111E-01 1.01983E+00 1.17390E-01 2.99715E-02 3.50441E-02 1.28894E-01 4.93300E-04 2.08331E-03 -9.6870E-08 6.19977E-04 -5.1159E-13 1.97573E-01 1.10311E+01 -9.4032E-07 -2.0987E-02 -2.4028E-05 -3.7908E-09 4.72747E-06
  505    0.497  1.03E-03 9.80534E-01 1.02033E+00 1.15319E-01 2.98108E-02 3.48493E-02 1.27948E-01 4.92322E-04 2.08126E-03 -9.7997E-08 6.13571E-04 -1.2506E-11 1.95731E-01 1.08678E+01 -9.3649E-07 -2.0894E-02 -2.4308E-05 -3.7754E-09 4.65604E-06
  510    0.502  1.03E-03 9.81118E-01 1.01868E+00 1.16176E-01 2.96524E-02 3.46574E-02 1.27966E-01 4.91357E-04 2.07950E-03 -9.9091E-08 6.07289E-04  8.1961E-12 1.93957E-01 1.07084E+01 -9.3267E-07 -2.0796E-02 -2.4580E-05 -3.7600E-09 4.58704E-06
  515    0.507  1.03E-03 9.81568E-01 1.01817E+00 1.15919E-01 2.94960E-02 3.44685E-02 1.27869E-01 4.90405E-04 2.07778E-03 -1.0015E-07 6.01131E-04  2.6887E-11 1.92170E-01 1.05527E+01 -9.2888E-07 -2.0691E-02 -2.4843E-05 -3.7447E-09 4.51867E-06
  520    0.513  1.03E-03 9.80751E-01 1.01981E+00 1.14266E-01 2.93418E-02 3.42825E-02 1.27428E-01 4.89464E-04 2.07577E-03 -1.0118E-07 5.95094E-04  1.2449E-11 1.90412E-01 1.04007E+01 -9.2510E-07 -2.0579E-02 -2.5098E-05 -3.7295E-09 4.45150E-06
  525    0.518  1.03E-03 9.81491E-01 1.02021E+00 1.12337E-01 2.91896E-02 3.40994E-02 1.26723E-01 4.88536E-04 2.07326E-03 -1.0217E-07 5.89173E-04 -1.3642E-11 1.88685E-01 1.02521E+01 -9.2136E-07 -2.0466E-02 -2.5344E-05 -3.7144E-09 4.38705E-06
  530    0.523  1.03E-03 9.81424E-01 1.01913E+00 1.12510E-01 2.90395E-02 3.39190E-02 1.26390E-01 4.87619E-04 2.07028E-03 -1.0313E-07 5.83364E-04 -2.7399E-11 1.86983E-01 1.01070E+01 -9.1764E-07 -2.0354E-02 -2.5582E-05 -3.6994E-09 4.32406E-06
  535    0.528  1.03E-03 9.80420E-01 1.01942E+00 1.13116E-01 2.88913E-02 3.37413E-02 1.26300E-01 4.86714E-04 2.06705E-03 -1.0406E-07 5.77660E-04  2.4869E-11 1.85317E-01 9.96526E+00 -9.1394E-07 -2.0246E-02 -2.5812E-05 -3.6845E-09 4.26076E-06
  540    0.533  1.03E-03 9.80490E-01 1.01906E+00 1.12800E-01 2.87454E-02 3.35664E-02 1.26239E-01 4.85821E-04 2.06379E-03 -1.0496E-07 5.72065E-04 -4.0144E-11 1.83752E-01 9.82690E+00 -9.1027E-07 -2.0141E-02 -2.6035E-05 -3.6697E-09 4.20195E-06
  545    0.538  1.03E-03 9.80188E-01 1.01838E+00 1.10961E-01 2.86012E-02 3.33939E-02 1.26174E-01 4.84938E-04 2.06055E-03 -1.0583E-07 5.66565E-04 -3.9776E-11 1.82189E-01 9.69150E+00 -9.0661E-07 -2.0041E-02 -2.6251E-05 -3.6549E-09 4.14466E-06
  550    0.544  1.04E-03 9.81110E-01 1.01894E+00 1.09763E-01 2.84585E-02 3.32237E-02 1.26107E-01 4.84064E-04 2.05728E-03 -1.0668E-07 5.61158E-04 -2.5080E-11 1.80534E-01 9.55879E+00 -9.0295E-07 -1.9948E-02 -2.6461E-05 -3.6402E-09 4.08402E-06
  555    0.549  1.04E-03 9.80863E-01 1.01861E+00 1.08441E-01 2.83174E-02 3.30556E-02 1.26039E-01 4.83199E-04 2.05391E-03 -1.0749E-07 5.55846E-04 -1.3557E-11 1.78971E-01 9.42886E+00 -8.9929E-07 -1.9864E-02 -2.6663E-05 -3.6254E-09 4.02759E-06
  560    0.554  1.04E-03 9.80555E-01 1.01782E+00 1.08405E-01 2.81783E-02 3.28898E-02 1.25917E-01 4.82344E-04 2.05044E-03 -1.0828E-07 5.50632E-04  5.1728E-12 1.77541E-01 9.30185E+00 -8.9564E-07 -1.9785E-02 -2.6858E-05 -3.6107E-09 3.97542E-06
  565    0.559  1.04E-03 9.80615E-01 1.01857E+00 1.08723E-01 2.80409E-02 3.27265E-02 1.25677E-01 4.81500E-04 2.04687E-03 -1.0903E-07 5.45510E-04 -2.1032E-11 1.76050E-01 9.17756E+00 -8.9200E-07 -1.9707E-02 -2.7045E-05 -3.5960E-09 3.92161E-06
  570    0.564  1.04E-03 9.79754E-01 1.01808E+00 1.07992E-01 2.79051E-02 3.25654E-02 1.25316E-01 4.80665E-04 2.04318E-03 -1.0976E-07 5.40472E-04 -1.6541E-11 1.74517E-01 9.05588E+00 -8.8835E-07 -1.9625E-02 -2.7225E-05 -3.5813E-09 3.86589E-06
  575    0.569  1.04E-03 9.81543E-01 1.01831E+00 1.09615E-01 2.77713E-02 3.24067E-02 1.24909E-01 4.79841E-04 2.03933E-03 -1.1046E-07 5.35527E-04 -1.4722E-11 1.73104E-01 8.93703E+00 -8.8472E-07 -1.9540E-02 -2.7400E-05 -3.5667E-09 3.81563E-06
  580    0.575  1.03E-03 9.81020E-01 1.01873E+00 1.08980E-01 2.76394E-02 3.22504E-02 1.24545E-01 4.79027E-04 2.03533E-03 -1.1114E-07 5.30675E-04  3.5243E-12 1.71762E-01 8.82093E+00 -8.8109E-07 -1.9454E-02 -2.7569E-05 -3.5521E-09 3.76680E-06
  585    0.580  1.04E-03 9.81621E-01 1.01790E+00 1.06223E-01 2.75091E-02 3.20962E-02 1.24248E-01 4.78223E-04 2.03123E-03 -1.1180E-07 5.25907E-04 -1.3642E-11 1.70353E-01 8.70718E+00 -8.7746E-07 -1.9368E-02 -2.7733E-05 -3.5374E-09 3.71670E-06
  590    0.585  1.04E-03 9.82086E-01 1.01832E+00 1.06166E-01 2.73800E-02 3.19438E-02 1.23951E-01 4.77425E-04 2.02708E-03 -1.1244E-07 5.21213E-04  1.1482E-11 1.68945E-01 8.59559E+00 -8.7382E-07 -1.9281E-02 -2.7890E-05 -3.5228E-09 3.66730E-06
  595    0.590  1.04E-03 9.81222E-01 1.01951E+00 1.05273E-01 2.72525E-02 3.17933E-02 1.23557E-01 4.76637E-04 2.02289E-03 -1.1304E-07 5.16598E-04  2.0464E-12 1.67617E-01 8.48624E+00 -8.7020E-07 -1.9192E-02 -2.8041E-05 -3.5081E-09 3.62054E-06
  600    0.595  1.04E-03 9.81633E-01 1.01879E+00 1.05636E-01 2.71264E-02 3.16447E-02 1.23029E-01 4.75855E-04 2.01864E-03 -1.1362E-07 5.12055E-04  8.4128E-12 1.66317E-01 8.37906E+00 -8.6657E-07 -1.9103E-02 -2.8184E-05 -3.4935E-09 3.57569E-06
  605    0.601  1.04E-03 9.82215E-01 1.01777E+00 1.04696E-01 2.70019E-02 3.14980E-02 1.22448E-01 4.75083E-04 2.01431E-03 -1.1418E-07 5.07586E-04  1.5120E-11 1.65012E-01 8.27408E+00 -8.6295E-07 -1.9018E-02 -2.8322E-05 -3.4789E-09 3.53090E-06
  610    0.606  1.04E-03 9.81399E-01 1.01878E+00 1.05383E-01 2.68788E-02 3.13531E-02 1.21940E-01 4.74319E-04 2.00993E-03 -1.1471E-07 5.03184E-04  2.8194E-11 1.63734E-01 8.17118E+00 -8.5933E-07 -1.8939E-02 -2.8455E-05 -3.4643E-09 3.48606E-06
  615    0.611  1.04E-03 9.82380E-01 1.01833E+00 1.05628E-01 2.67573E-02 3.12104E-02 1.21557E-01 4.73563E-04 2.00552E-03 -1.1523E-07 4.98860E-04 -8.2707E-12 1.62491E-01 8.07055E+00 -8.5571E-07 -1.8865E-02 -2.8583E-05 -3.4497E-09 3.44276E-06
  620    0.616  1.04E-03 9.82168E-01 1.01776E+00 1.04441E-01 2.66374E-02 3.10695E-02 1.21215E-01 4.72817E-04 2.00107E-03 -1.1573E-07 4.94608E-04  3.7801E-12 1.61229E-01 7.97196E+00 -8.5207E-07 -1.8790E-02 -2.8706E-05 -3.4351E-09 3.40009E-06
  625    0.621  1.04E-03 9.81915E-01 1.01774E+00 1.01825E-01 2.65187E-02 3.09302E-02 1.20784E-01 4.72077E-04 1.99649E-03 -1.1621E-07 4.90420E-04  2.0094E-11 1.60013E-01 7.87521E+00 -8.4843E-07 -1.8711E-02 -2.8825E-05 -3.4204E-09 3.35752E-06
  630    0.627  1.04E-03 9.81955E-01 1.01834E+00 1.00700E-01 2.64014E-02 3.07927E-02 1.20219E-01 4.71345E-04 1.99175E-03 -1.1667E-07 4.86303E-04 -6.3096E-11 1.58856E-01 7.78040E+00 -8.4479E-07 -1.8626E-02 -2.8940E-05 -3.4057E-09 3.31871E-06
  635    0.632  1.04E-03 9.81654E-01 1.01829E+00 1.01119E-01 2.62857E-02 3.06573E-02 1.19594E-01 4.70622E-04 1.98688E-03 -1.1711E-07 4.82267E-04 -1.7110E-11 1.57667E-01 7.68762E+00 -8.4116E-07 -1.8538E-02 -2.9049E-05 -3.3911E-09 3.27951E-06
  640    0.637  1.04E-03 9.82657E-01 1.01766E+00 1.01883E-01 2.61713E-02 3.05234E-02 1.19000E-01 4.69907E-04 1.98198E-03 -1.1754E-07 4.78295E-04  7.2191E-12 1.56471E-01 7.59660E+00 -8.3753E-07 -1.8450E-02 -2.9155E-05 -3.3764E-09 3.23913E-06
  645    0.642  1.04E-03 9.81333E-01 1.01830E+00 1.02503E-01 2.60579E-02 3.03908E-02 1.18410E-01 4.69196E-04 1.97716E-03 -1.1795E-07 4.74375E-04  5.0022E-12 1.55322E-01 7.50709E+00 -8.3389E-07 -1.8364E-02 -2.9256E-05 -3.3618E-09 3.20057E-06
  650    0.647  1.04E-03 9.82713E-01 1.01784E+00 1.04200E-01 2.59458E-02 3.02598E-02 1.17698E-01 4.68493E-04 1.97253E-03 -1.1833E-07 4.70513E-04 -3.4106E-11 1.54233E-01 7.41934E+00 -8.3025E-07 -1.8282E-02 -2.9353E-05 -3.3471E-09 3.16404E-06
  655    0.653  1.04E-03 9.82813E-01 1.01887E+00 1.03907E-01 2.58351E-02 3.01304E-02 1.16813E-01 4.67797E-04 1.96810E-03 -1.1870E-07 4.66706E-04  2.0691E-11 1.53158E-01 7.33328E+00 -8.2661E-07 -1.8204E-02 -2.9444E-05 -3.3324E-09 3.12833E-06
  660    0.658  1.04E-03 9.82949E-01 1.01814E+00 1.02254E-01 2.57254E-02 3.00024E-02 1.15892E-01 4.67107E-04 1.96377E-03 -1.1905E-07 4.62951E-04 -9.0949E-13 1.52021E-01 7.24872E+00 -8.2295E-07 -1.8129E-02 -2.9531E-05 -3.3177E-09 3.09031E-06
  665    0.663  1.04E-03 9.82450E-01 1.01881E+00 9.98923E-02 2.56170E-02 2.98760E-02 1.15173E-01 4.66425E-04 1.95943E-03 -1.1938E-07 4.59256E-04  2.7853E-11 1.50902E-01 7.16578E+00 -8.1929E-07 -1.8053E-02 -2.9613E-05 -3.3029E-09 3.05395E-06
  670    0.668  1.04E-03 9.82193E-01 1.01814E+00 9.89164E-02 2.55099E-02 2.97512E-02 1.14756E-01 4.65749E-04 1.95493E-03 -1.1970E-07 4.55623E-04  1.9895E-12 1.49890E-01 7.08449E+00 -8.1563E-07 -1.7975E-02 -2.9691E-05 -3.2882E-09 3.02072E-06
  675    0.673  1.04E-03 9.81663E-01 1.01734E+00 9.92339E-02 2.54039E-02 2.96278E-02 1.14494E-01 4.65079E-04 1.95023E-03 -1.2000E-07 4.52044E-04  3.4959E-12 1.48862E-01 7.00464E+00 -8.1196E-07 -1.7894E-02 -2.9765E-05 -3.2734E-09 2.98702E-06
  680    0.679  1.04E-03 9.83019E-01 1.01800E+00 9.93816E-02 2.52990E-02 2.95056E-02 1.14114E-01 4.64416E-04 1.94535E-03 -1.2028E-07 4.48513E-04  1.3372E-11 1.47780E-01 6.92613E+00 -8.0829E-07 -1.7806E-02 -2.9835E-05 -3.2586E-09 2.95305E-06
  685    0.684  1.04E-03 9.82977E-01 1.01822E+00 9.95558E-02 2.51952E-02 2.93849E-02 1.13459E-01 4.63758E-04 1.94034E-03 -1.2055E-07 4.45034E-04  1.9391E-11 1.46797E-01 6.84910E+00 -8.0461E-07 -1.7712E-02 -2.9902E-05 -3.2437E-09 2.92111E-06
  690    0.689  1.04E-03 9.82596E-01 1.01747E+00 9.92371E-02 2.50927E-02 2.92656E-02 1.12593E-01 4.63108E-04 1.93525E-03 -1.2080E-07 4.41611E-04 -1.3614E-11 1.45845E-01 6.77356E+00 -8.0094E-07 -1.7615E-02 -2.9965E-05 -3.2290E-09 2.89075E-06
  695    0.694  1.04E-03 9.82587E-01 1.01743E+00 9.83158E-02 2.49912E-02 2.91478E-02 1.11685E-01 4.62464E-04 1.93014E-03 -1.2104E-07 4.38240E-04  2.4272E-11 1.44785E-01 6.69935E+00 -7.9728E-07 -1.7520E-02 -3.0024E-05 -3.2142E-09 2.85632E-06
  700    0.699  1.04E-03 9.81901E-01 1.01750E+00 9.69529E-02 2.48907E-02 2.90311E-02 1.10852E-01 4.61824E-04 1.92629E-03 -1.2127E-07 4.34912E-04  6.0254E-12 1.43787E-01 6.62637E+00 -7.9361E-07 -1.7430E-02 -3.0081E-05 -3.1994E-09 2.82447E-06
  705    0.705  1.04E-03 9.83711E-01 1.01715E+00 9.67180E-02 2.47911E-02 2.89154E-02 1.10106E-01 4.61190E-04 1.92301E-03 -1.2149E-07 4.31624E-04 -4.1780E-11 1.42916E-01 6.55459E+00 -7.8994E-07 -1.7342E-02 -3.0135E-05 -3.1846E-09 2.79675E-06
  710    0.710  1.04E-03 9.83033E-01 1.01727E+00 9.74861E-02 2.46927E-02 2.88013E-02 1.09433E-01 4.60562E-04 1.91974E-03 -1.2170E-07 4.28387E-04 -2.6546E-11 1.41963E-01 6.48417E+00 -7.8627E-07 -1.7255E-02 -3.0187E-05 -3.1698E-09 2.76644E-06
  715    0.715  1.04E-03 9.83271E-01 1.01720E+00 9.75845E-02 2.45952E-02 2.86883E-02 1.09213E-01 4.59940E-04 1.91605E-03 -1.2189E-07 4.25193E-04 -1.4893E-11 1.40924E-01 6.41488E+00 -7.8261E-07 -1.7166E-02 -3.0236E-05 -3.1550E-09 2.73415E-06
  720    0.720  1.04E-03 9.82814E-01 1.01850E+00 9.70245E-02 2.44987E-02 2.85765E-02 1.08971E-01 4.59323E-04 1.91172E-03 -1.2208E-07 4.22046E-04 -1.5802E-11 1.40021E-01 6.34685E+00 -7.7894E-07 -1.7076E-02 -3.0283E-05 -3.1403E-09 2.70599E-06
  725    0.725  1.04E-03 9.83712E-01 1.01725E+00 9.71938E-02 2.44035E-02 2.84659E-02 1.08631E-01 4.58711E-04 1.90688E-03 -1.2226E-07 4.18947E-04  1.6257E-11 1.39215E-01 6.28006E+00 -7.7528E-07 -1.6986E-02 -3.0326E-05 -3.1255E-09 2.68059E-06
  730    0.731  1.04E-03 9.83506E-01 1.01733E+00 9.62790E-02 2.43091E-02 2.83566E-02 1.08161E-01 4.58106E-04 1.90190E-03 -1.2242E-07 4.15891E-04  1.6485E-11 1.38297E-01 6.21437E+00 -7.7162E-07 -1.6896E-02 -3.0366E-05 -3.1108E-09 2.65132E-06
  735    0.736  1.04E-03 9.83080E-01 1.01754E+00 9.66149E-02 2.42156E-02 2.82485E-02 1.07566E-01 4.57506E-04 1.89719E-03 -1.2257E-07 4.12876E-04  1.7280E-11 1.37356E-01 6.14979E+00 -7.6797E-07 -1.6805E-02 -3.0403E-05 -3.0960E-09 2.62252E-06
  740    0.741  1.04E-03 9.82678E-01 1.01728E+00 9.81761E-02 2.41232E-02 2.81415E-02 1.06909E-01 4.56911E-04 1.89570E-03 -1.2270E-07 4.09903E-04 -2.3419E-11 1.36488E-01 6.08638E+00 -7.6433E-07 -1.6712E-02 -3.0437E-05 -3.0813E-09 2.59647E-06
  745    0.746  1.04E-03 9.82952E-01 1.01693E+00 9.82772E-02 2.40318E-02 2.80358E-02 1.06310E-01 4.56323E-04 1.89468E-03 -1.2283E-07 4.06970E-04 -9.0949E-13 1.35621E-01 6.02411E+00 -7.6069E-07 -1.6616E-02 -3.0468E-05 -3.0667E-09 2.57010E-06
  750    0.752  1.04E-03 9.83644E-01 1.01815E+00 9.65562E-02 2.39414E-02 2.79311E-02 1.05866E-01 4.55738E-04 1.89406E-03 -1.2295E-07 4.04074E-04  2.4613E-11 1.34808E-01 5.96283E+00 -7.5706E-07 -1.6517E-02 -3.0497E-05 -3.0520E-09 2.54484E-06
  755    0.757  1.05E-03 9.83528E-01 1.01682E+00 9.51104E-02 2.38515E-02 2.78273E-02 1.05550E-01 4.55158E-04 1.89375E-03 -1.2305E-07 4.01213E-04 -8.8960E-12 1.34004E-01 5.90243E+00 -7.5343E-07 -1.6418E-02 -3.0524E-05 -3.0374E-09 2.52034E-06
  760    0.762  1.05E-03 9.83539E-01 1.01746E+00 9.56722E-02 2.37625E-02 2.77244E-02 1.05212E-01 4.54581E-04 1.89351E-03 -1.2315E-07 3.98391E-04  3.2568E-11 1.33107E-01 5.84291E+00 -7.4980E-07 -1.6318E-02 -3.0548E-05 -3.0228E-09 2.49256E-06
  765    0.767  1.04E-03 9.82998E-01 1.01927E+00 9.54832E-02 2.36744E-02 2.76227E-02 1.04717E-01 4.54011E-04 1.89322E-03 -1.2324E-07 3.95611E-04  1.8957E-11 1.32270E-01 5.78447E+00 -7.4618E-07 -1.6219E-02 -3.0570E-05 -3.0082E-09 2.46678E-06
  770    0.772  1.04E-03 9.83614E-01 1.01676E+00 9.46949E-02 2.35873E-02 2.75220E-02 1.04087E-01 4.53445E-04 1.89275E-03 -1.2332E-07 3.92870E-04 -2.6219E-11 1.31527E-01 5.72708E+00 -7.4258E-07 -1.6119E-02 -3.0589E-05 -2.9937E-09 2.44430E-06
  775    0.778  1.04E-03 9.83037E-01 1.01809E+00 9.41426E-02 2.35011E-02 2.74225E-02 1.03471E-01 4.52885E-04 1.89201E-03 -1.2339E-07 3.90163E-04 -2.6091E-11 1.30718E-01 5.67059E+00 -7.3899E-07 -1.6019E-02 -3.0606E-05 -2.9792E-09 2.41995E-06
  780    0.783  1.05E-03 9.83232E-01 1.01918E+00 9.41305E-02 2.34156E-02 2.73238E-02 1.02996E-01 4.52328E-04 1.89105E-03 -1.2345E-07 3.87488E-04 -4.1069E-11 1.29887E-01 5.61495E+00 -7.3541E-07 -1.5919E-02 -3.0621E-05 -2.9647E-09 2.39551E-06
  785    0.788  1.05E-03 9.83620E-01 1.01745E+00 9.40464E-02 2.33309E-02 2.72261E-02 1.02809E-01 4.51777E-04 1.88997E-03 -1.2350E-07 3.84849E-04 -1.3458E-11 1.29130E-01 5.56024E+00 -7.3183E-07 -1.5818E-02 -3.0634E-05 -2.9503E-09 2.37311E-06
  790    0.793  1.05E-03 9.83099E-01 1.01680E+00 9.31618E-02 2.32471E-02 2.71294E-02 1.02728E-01 4.51229E-04 1.88886E-03 -1.2354E-07 3.82244E-04  8.5478E-12 1.28375E-01 5.50638E+00 -7.2827E-07 -1.5717E-02 -3.0645E-05 -2.9360E-09 2.35065E-06
  795    0.799  1.05E-03 9.82907E-01 1.01659E+00 9.15272E-02 2.31640E-02 2.70335E-02 1.02557E-01 4.50686E-04 1.88777E-03 -1.2358E-07 3.79669E-04  1.7444E-11 1.27606E-01 5.45331E+00 -7.2471E-07 -1.5616E-02 -3.0654E-05 -2.9216E-09 2.32776E-06
  800    0.804  1.05E-03 9.83371E-01 1.01680E+00 8.99946E-02 2.30817E-02 2.69385E-02 1.02172E-01 4.50146E-04 1.88670E-03 -1.2361E-07 3.77123E-04  4.6285E-11 1.26866E-01 5.40107E+00 -7.2116E-07 -1.5514E-02 -3.0662E-05 -2.9073E-09 2.30575E-06
  805    0.809  1.05E-03 9.83203E-01 1.01646E+00 9.02862E-02 2.30001E-02 2.68445E-02 1.01900E-01 4.49611E-04 1.88558E-03 -1.2363E-07 3.74608E-04  1.1184E-11 1.26129E-01 5.34964E+00 -7.1763E-07 -1.5412E-02 -3.0667E-05 -2.8931E-09 2.28460E-06
  810    0.814  1.05E-03 9.81561E-01 1.01648E+00 9.15493E-02 2.29193E-02 2.67514E-02 1.01634E-01 4.49081E-04 1.88438E-03 -1.2364E-07 3.72125E-04  2.4713E-11 1.25388E-01 5.29903E+00 -7.1410E-07 -1.5312E-02 -3.0670E-05 -2.8789E-09 2.26272E-06
  815    0.820  1.05E-03 9.83877E-01 1.01616E+00 9.08326E-02 2.28392E-02 2.66592E-02 1.01068E-01 4.48554E-04 1.88306E-03 -1.2365E-07 3.69675E-04 -1.2975E-11 1.24650E-01 5.24919E+00 -7.1059E-07 -1.5214E-02 -3.0671E-05 -2.8647E-09 2.24132E-06
  820    0.825  1.05E-03 9.83827E-01 1.01669E+00 9.18327E-02 2.27599E-02 2.65678E-02 1.00496E-01 4.48032E-04 1.88164E-03 -1.2364E-07 3.67257E-04 -8.6970E-12 1.23931E-01 5.20012E+00 -7.0709E-07 -1.5120E-02 -3.0669E-05 -2.8506E-09 2.22053E-06
  825    0.830  1.05E-03 9.82670E-01 1.01612E+00 9.24525E-02 2.26815E-02 2.64774E-02 1.00293E-01 4.47514E-04 1.88015E-03 -1.2363E-07 3.64872E-04  2.5466E-11 1.23256E-01 5.15184E+00 -7.0360E-07 -1.5025E-02 -3.0666E-05 -2.8365E-09 2.20116E-06
  830    0.835  1.05E-03 9.83796E-01 1.01623E+00 9.21957E-02 2.26036E-02 2.63877E-02 1.00000E-01 4.47000E-04 1.87865E-03 -1.2361E-07 3.62517E-04  4.3883E-11 1.22577E-01 5.10429E+00 -7.0013E-07 -1.4925E-02 -3.0662E-05 -2.8225E-09 2.18153E-06
  835    0.840  1.05E-03 9.83158E-01 1.01587E+00 9.08631E-02 2.25265E-02 2.62989E-02 9.96176E-02 4.46490E-04 1.87715E-03 -1.2359E-07 3.60189E-04 -3.8654E-12 1.21845E-01 5.05740E+00 -6.9666E-07 -1.4820E-02 -3.0657E-05 -2.8086E-09 2.15984E-06
  840    0.846  1.05E-03 9.81749E-01 1.01649E+00 8.90735E-02 2.24500E-02 2.62109E-02 9.92414E-02 4.45983E-04 1.87561E-03 -1.2357E-07 3.57889E-04  1.1369E-13 1.21135E-01 5.01120E+00 -6.9322E-07 -1.4711E-02 -3.0651E-05 -2.7947E-09 2.14048E-06
  845    0.851  1.05E-03 9.84082E-01 1.01626E+00 8.88982E-02 2.23743E-02 2.61237E-02 9.89359E-02 4.45480E-04 1.87397E-03 -1.2354E-07 3.55616E-04 -1.1084E-12 1.20500E-01 4.96572E+00 -6.8980E-07 -1.4600E-02 -3.0644E-05 -2.7809E-09 2.12256E-06
  850    0.856  1.05E-03 9.83427E-01 1.01632E+00 8.81978E-02 2.22992E-02 2.60372E-02 9.86832E-02 4.44981E-04 1.87221E-03 -1.2350E-07 3.53370E-04 -1.2392E-11 1.19874E-01 4.92091E+00 -6.8640E-07 -1.4492E-02 -3.0634E-05 -2.7672E-09 2.10403E-06
  855    0.861  1.05E-03 9.83495E-01 1.01713E+00 8.91759E-02 2.22247E-02 2.59516E-02 9.84008E-02 4.44486E-04 1.87032E-03 -1.2346E-07 3.51150E-04  1.2733E-11 1.19185E-01 4.87674E+00 -6.8301E-07 -1.4385E-02 -3.0623E-05 -2.7535E-09 2.08466E-06
  860    0.867  1.05E-03 9.84033E-01 1.01632E+00 8.94564E-02 2.21510E-02 2.58668E-02 9.80517E-02 4.43995E-04 1.86838E-03 -1.2340E-07 3.48960E-04  2.2965E-11 1.18484E-01 4.83325E+00 -6.7965E-07 -1.4277E-02 -3.0610E-05 -2.7400E-09 2.06463E-06
  865    0.872  1.05E-03 9.82641E-01 1.01722E+00 8.82023E-02 2.20780E-02 2.57828E-02 9.76737E-02 4.43507E-04 1.86645E-03 -1.2334E-07 3.46796E-04 -1.1255E-11 1.17862E-01 4.79043E+00 -6.7631E-07 -1.4169E-02 -3.0595E-05 -2.7265E-09 2.04714E-06
  870    0.877  1.05E-03 9.83715E-01 1.01607E+00 8.59060E-02 2.20055E-02 2.56994E-02 9.74841E-02 4.43023E-04 1.86456E-03 -1.2328E-07 3.44654E-04  1.5802E-11 1.17269E-01 4.74816E+00 -6.7298E-07 -1.4061E-02 -3.0579E-05 -2.7131E-09 2.03037E-06
  875    0.882  1.05E-03 9.83896E-01 1.01638E+00 8.46006E-02 2.19336E-02 2.56167E-02 9.75684E-02 4.42541E-04 1.86270E-03 -1.2321E-07 3.42534E-04  6.9917E-12 1.16634E-01 4.70647E+00 -6.6967E-07 -1.3955E-02 -3.0562E-05 -2.6997E-09 2.01272E-06
  880    0.888  1.05E-03 9.83726E-01 1.01622E+00 8.54637E-02 2.18624E-02 2.55347E-02 9.76193E-02 4.42064E-04 1.86082E-03 -1.2313E-07 3.40437E-04 -2.1160E-11 1.15992E-01 4.66538E+00 -6.6638E-07 -1.3854E-02 -3.0543E-05 -2.6865E-09 1.99492E-06
  885    0.893  1.05E-03 9.82963E-01 1.01665E+00 8.63867E-02 2.17918E-02 2.54537E-02 9.75943E-02 4.41590E-04 1.86033E-03 -1.2305E-07 3.38367E-04 -3.6238E-12 1.15374E-01 4.62496E+00 -6.6311E-07 -1.3756E-02 -3.0523E-05 -2.6733E-09 1.97807E-06
  890    0.898  1.05E-03 9.84718E-01 1.01771E+00 8.68986E-02 2.17219E-02 2.53733E-02 9.74837E-02 4.41120E-04 1.86004E-03 -1.2297E-07 3.36321E-04  1.7025E-11 1.14759E-01 4.58511E+00 -6.5987E-07 -1.3658E-02 -3.0502E-05 -2.6602E-09 1.96101E-06
  895    0.903  1.05E-03 9.84526E-01 1.01633E+00 8.61321E-02 2.16525E-02 2.52935E-02 9.72943E-02 4.40653E-04 1.85988E-03 -1.2288E-07 3.34295E-04 -1.4552E-11 1.14148E-01 4.54575E+00 -6.5664E-07 -1.3557E-02 -3.0480E-05 -2.6472E-09 1.94385E-06
  900    0.909  1.05E-03 9.84781E-01 1.01761E+00 8.58785E-02 2.15836E-02 2.52143E-02 9.70379E-02 4.40188E-04 1.85977E-03 -1.2278E-07 3.32290E-04 -2.1032E-12 1.13567E-01 4.50691E+00 -6.5342E-07 -1.3455E-02 -3.0456E-05 -2.6342E-09 1.92750E-06
  905    0.914  1.05E-03 9.83462E-01 1.01581E+00 8.57853E-02 2.15153E-02 2.51358E-02 9.67309E-02 4.39727E-04 1.85965E-03 -1.2268E-07 3.30310E-04  8.9813E-12 1.13009E-01 4.46865E+00 -6.5023E-07 -1.3352E-02 -3.0431E-05 -2.6214E-09 1.91230E-06
  910    0.919  1.05E-03 9.84390E-01 1.01696E+00 8.41499E-02 2.14476E-02 2.50580E-02 9.63892E-02 4.39270E-04 1.85941E-03 -1.2258E-07 3.28354E-04 -1.3188E-11 1.12415E-01 4.43090E+00 -6.4705E-07 -1.3250E-02 -3.0405E-05 -2.6086E-09 1.89625E-06
  915    0.924  1.05E-03 9.84207E-01 1.01630E+00 8.35320E-02 2.13804E-02 2.49808E-02 9.60309E-02 4.38815E-04 1.85896E-03 -1.2246E-07 3.26421E-04  2.2737E-11 1.11784E-01 4.39362E+00 -6.4390E-07 -1.3149E-02 -3.0377E-05 -2.5958E-09 1.87922E-06
  920    0.930  1.05E-03 9.84455E-01 1.01578E+00 8.39025E-02 2.13137E-02 2.49042E-02 9.56914E-02 4.38363E-04 1.85831E-03 -1.2235E-07 3.24510E-04 -1.6996E-11 1.11211E-01 4.35687E+00 -6.4076E-07 -1.3048E-02 -3.0348E-05 -2.5832E-09 1.86365E-06
  925    0.935  1.05E-03 9.84410E-01 1.01596E+00 8.28717E-02 2.12478E-02 2.48283E-02 9.54269E-02 4.37915E-04 1.85755E-03 -1.2222E-07 3.22623E-04  7.9012E-12 1.10703E-01 4.32069E+00 -6.3766E-07 -1.2947E-02 -3.0317E-05 -2.5707E-09 1.85009E-06
  930    0.940  1.05E-03 9.83476E-01 1.01596E+00 8.34259E-02 2.11824E-02 2.47531E-02 9.52823E-02 4.37470E-04 1.85675E-03 -1.2209E-07 3.20754E-04  3.0866E-11 1.10158E-01 4.28499E+00 -6.3457E-07 -1.2847E-02 -3.0285E-05 -2.5582E-09 1.83562E-06
  935    0.945  1.05E-03 9.84739E-01 1.01555E+00 8.49978E-02 2.11174E-02 2.46786E-02 9.52482E-02 4.37028E-04 1.85596E-03 -1.2196E-07 3.18902E-04  4.7407E-11 1.09573E-01 4.24977E+00 -6.3151E-07 -1.2748E-02 -3.0252E-05 -2.5459E-09 1.81979E-06
  940    0.951  1.05E-03 9.83821E-01 1.01679E+00 8.54554E-02 2.10530E-02 2.46047E-02 9.52378E-02 4.36589E-04 1.85514E-03 -1.2182E-07 3.17066E-04 -1.4779E-12 1.08996E-01 4.21501E+00 -6.2847E-07 -1.2649E-02 -3.0218E-05 -2.5337E-09 1.80408E-06
  945    0.956  1.05E-03 9.84990E-01 1.01630E+00 8.39823E-02 2.09892E-02 2.45313E-02 9.51205E-02 4.36153E-04 1.85563E-03 -1.2168E-07 3.15250E-04 -5.7696E-12 1.08459E-01 4.18074E+00 -6.2546E-07 -1.2550E-02 -3.0184E-05 -2.5215E-09 1.78934E-06
  950    0.961  1.05E-03 9.84690E-01 1.01747E+00 8.30632E-02 2.09259E-02 2.44585E-02 9.48137E-02 4.35719E-04 1.85678E-03 -1.2154E-07 3.13454E-04 -1.1966E-11 1.07967E-01 4.14692E+00 -6.2246E-07 -1.2452E-02 -3.0149E-05 -2.5094E-09 1.77634E-06
  955    0.966  1.05E-03 9.84176E-01 1.01690E+00 8.12565E-02 2.08629E-02 2.43863E-02 9.43668E-02 4.35289E-04 1.85800E-03 -1.2140E-07 3.11679E-04 -2.3704E-11 1.07442E-01 4.11349E+00 -6.1949E-07 -1.2353E-02 -3.0113E-05 -2.4974E-09 1.76298E-06
  960    0.972  1.05E-03 9.84954E-01 1.01673E+00 8.06518E-02 2.08004E-02 2.43145E-02 9.39364E-02 4.34860E-04 1.85926E-03 -1.2125E-07 3.09923E-04  8.6686E-13 1.06865E-01 4.08044E+00 -6.1654E-07 -1.2254E-02 -3.0075E-05 -2.4855E-09 1.74792E-06
  965    0.977  1.05E-03 9.84055E-01 1.01565E+00 7.99199E-02 2.07384E-02 2.42433E-02 9.36545E-02 4.34435E-04 1.86051E-03 -1.2109E-07 3.08190E-04  1.1966E-11 1.06335E-01 4.04784E+00 -6.1361E-07 -1.2155E-02 -3.0037E-05 -2.4737E-09 1.73388E-06
  970    0.982  1.05E-03 9.84731E-01 1.01614E+00 7.92187E-02 2.06770E-02 2.41727E-02 9.35085E-02 4.34012E-04 1.86169E-03 -1.2093E-07 3.06478E-04 -3.0809E-11 1.05862E-01 4.01573E+00 -6.1071E-07 -1.2055E-02 -2.9997E-05 -2.4621E-09 1.72096E-06
  975    0.988  1.05E-03 9.84517E-01 1.01635E+00 8.03622E-02 2.06160E-02 2.41027E-02 9.33524E-02 4.33592E-04 1.86274E-03 -1.2077E-07 3.04781E-04 -1.1255E-11 1.05356E-01 3.98400E+00 -6.0784E-07 -1.1955E-02 -2.9956E-05 -2.4505E-09 1.70755E-06
  980    0.993  1.05E-03 9.84391E-01 1.01553E+00 8.14013E-02 2.05555E-02 2.40332E-02 9.30451E-02 4.33175E-04 1.86369E-03 -1.2060E-07 3.03098E-04 -1.5064E-11 1.04815E-01 3.95264E+00 -6.0499E-07 -1.1854E-02 -2.9914E-05 -2.4390E-09 1.69350E-06
  985    0.998  1.05E-03 9.84076E-01 1.01568E+00 8.15939E-02 2.04955E-02 2.39644E-02 9.25768E-02 4.32761E-04 1.86463E-03 -1.2043E-07 3.01432E-04  3.2088E-11 1.04314E-01 3.92174E+00 -6.0217E-07 -1.1753E-02 -2.9872E-05 -2.4276E-09 1.68050E-06
