0.000000000000000000e+00
1.004549454373769996e-01
2.009632429835619960e-01
3.009868727385759946e-01
4.006015369523079905e-01
5.001566814753459767e-01
6.006028250412780434e-01
7.004210883023920253e-01
8.006704700383120432e-01
9.002410647663050547e-01
1.000211512917299927e+00
2.000885440458660014e+00
3.000606531000809873e+00
4.000590862022360028e+00
5.000902850311829795e+00
6.000389390406779988e+00
7.000337315213980283e+00
8.001053593834509314e+00
9.000807527379949491e+00
9.674631368761769323e+00
1.000021270182329935e+01
1.100050296963310004e+01
1.200050849831309918e+01
1.300080499070459972e+01
1.400029365337099918e+01
1.500034134380990025e+01
1.600104808324250172e+01
1.700098395088570058e+01
1.800024403177669896e+01
1.900084737123690104e+01
1.953313791658730025e+01
2.000072907542930167e+01
2.100089891767130013e+01
2.200018833632929827e+01
2.300090778240700118e+01
2.400076742639069849e+01
2.500078103976559873e+01
2.600098626493129927e+01
2.700028816945269838e+01
2.800084379164039916e+01
2.900045971907089992e+01
2.942271412059200131e+01
3.000013280072019839e+01
3.100101814029040170e+01
3.200083993285080197e+01
3.300082978710999981e+01
3.400100684753849833e+01
3.500024230100100198e+01
3.600072018208449975e+01
3.700019917910690026e+01
3.800090072915190120e+01
3.900064928381470253e+01
3.932656554211280309e+01
4.000048863017580203e+01
4.100045102709560041e+01
4.200046546210069920e+01
4.300059588107980346e+01
4.400069165290919670e+01
4.500079096594709682e+01
4.600099011353449896e+01
4.700012465607139944e+01
4.800045697594759986e+01
4.900086086316149903e+01
4.923992692932370119e+01
5.000019461929330333e+01
5.100072342695779781e+01
5.200023427995620295e+01
5.300088929457709952e+01
5.400056450595729984e+01
5.500031560347999715e+01
5.600014742993519690e+01
5.700108276540409946e+01
5.800104077075960163e+01
5.900104357695089874e+01
5.915982263901970128e+01
6.000000612097210251e+01
6.100006310155730205e+01
6.200021807578740152e+01
6.300039929838389696e+01
6.400059111526930167e+01
6.500084519735540312e+01
6.600002300948840173e+01
6.700035886449039424e+01
6.800072260483280218e+01
6.900000867564810392e+01
6.908492965719780443e+01
7.000042797566860031e+01
7.100087531155439535e+01
7.200026890984740646e+01
7.300086804330929624e+01
7.400034418737050146e+01
7.500098651225559365e+01
7.600055104130299810e+01
7.700015416819950076e+01
7.800089933219720706e+01
7.900056296802360123e+01
7.901380560739200121e+01
8.000026057788639378e+01
8.100106573230000606e+01
8.200080226920549364e+01
8.300055445189350678e+01
8.400031027951629881e+01
8.500007553389879433e+01
8.600093776502760079e+01
8.700073334845370709e+01
8.800053045756069992e+01
8.894517791486579483e+01
8.900035215538810007e+01
9.000021002479479648e+01
9.100007581585670380e+01
9.200000712924520485e+01
9.300100012813349792e+01
9.400092615658650175e+01
9.500091543392049687e+01
9.600089189506249454e+01
9.700089528065289812e+01
9.800093742209719494e+01
9.887845996196850251e+01
9.900098992561109412e+01
1.000010671083289964e+02
1.010000014159300008e+02
1.020000576341119967e+02
1.030001316508279956e+02
1.040001968311839988e+02
1.050002971362849991e+02
1.060003650462309963e+02
1.070005001432730012e+02
1.080006126136869966e+02
1.088130628276850018e+02
1.090007257102119951e+02
1.100008240241439950e+02
1.110009479656000053e+02
1.120010786394410047e+02
1.130000676229540062e+02
1.140002432817129971e+02
1.150004592692420005e+02
1.160006679328219974e+02
1.170008612908710006e+02
1.180000026422790000e+02
1.190003169892879953e+02
1.200005841505190034e+02
1.201838866946930011e+02
1.210008526527669943e+02
1.220000395619139937e+02
1.230003309567109966e+02
1.240006731696190059e+02
1.250009711131859973e+02
1.260002285638770019e+02
1.270006088324300038e+02
1.280010197546799873e+02
1.290003409839989956e+02
1.300007929781569942e+02
1.310000802616999920e+02
1.320005393312019919e+02
1.330010099175850087e+02
1.340003645735559985e+02
1.350009150922709864e+02
1.360002859737720087e+02
1.370008391712910054e+02
1.380003127432430006e+02
1.390008822566310016e+02
1.400003819461269927e+02
1.410010251165369937e+02
1.420005702307099966e+02
1.430001256856490102e+02
1.440007694474190032e+02
1.450003752647029955e+02
1.460000037020359969e+02
1.470007304087050102e+02
1.480003968513049983e+02
1.490000545975049988e+02
1.500008432011240131e+02
1.510005758018230040e+02
1.520003534176209996e+02
1.530001360047899936e+02
1.540010084796520005e+02
1.550008210850650130e+02
1.560006123163620089e+02
1.570004324459009979e+02
1.580002680438049936e+02
1.590001034988960100e+02
1.600010785981139918e+02
1.610009413828960021e+02
1.620008740005719972e+02
1.630007731022780035e+02
1.640007157350480043e+02
1.643631300725969879e+02
1.650006678322100129e+02
1.660005951553179955e+02
1.670005308722610096e+02
1.680005283338250024e+02
1.690004892760480004e+02
1.700004881468190092e+02
1.710004690189090013e+02
1.720005198302389999e+02
1.730005459910319985e+02
1.740006216051990009e+02
1.750006676441990123e+02
1.760007408939709990e+02
1.770008112716899973e+02
1.780009296788479958e+02
1.790009877006519901e+02
1.800000300627729928e+02
1.810001446175450042e+02
1.820003065559139941e+02
1.830004546008709951e+02
1.840006169373519924e+02
1.850007919915659897e+02
1.860009652352310070e+02
1.870000628746059874e+02
1.880002558513660063e+02
1.890004623927530076e+02
1.900006459726430137e+02
1.910009085657949868e+02
1.920000398675329905e+02
1.930002941367569917e+02
1.940005329137489980e+02
1.950007867045059982e+02
1.960010512128060043e+02
1.970002077046079876e+02
1.980005154445829874e+02
1.990007817844160058e+02
2.000010746044569885e+02
2.010002503558939964e+02
2.020005668509110137e+02
2.030008889865129902e+02
2.040001255908279916e+02
2.050004706858310044e+02
2.060008120806309933e+02
2.070000502514010066e+02
2.080004071037689926e+02
2.085696807120110066e+02
2.090007971501619863e+02
2.100000623678500062e+02
2.110004273790399907e+02
2.120008417648209900e+02
2.130001333213290025e+02
2.140004832790000080e+02
2.150008967158499900e+02
2.160001916932820052e+02
2.170005841617530109e+02
2.180010117113999968e+02
2.190003574110160116e+02
2.200008129298799986e+02
2.210001485983669909e+02
2.220006027050839919e+02
2.230010746049809995e+02
2.240004569635779887e+02
2.250009128596869914e+02
2.260002932159110003e+02
2.270007708783959970e+02
2.280001755440900126e+02
2.290007019303160121e+02
2.300000879036670085e+02
2.310005825852859971e+02
2.320000055145650038e+02
2.330005463347769989e+02
2.340010829596139956e+02
2.350005172242240121e+02
2.360010704546000113e+02
2.370004963391980084e+02
2.380010166682770034e+02
2.390004985645360023e+02
2.400010613855559995e+02
2.410005496607629993e+02
2.420000387743639862e+02
2.430006072235119916e+02
2.440000983290960050e+02
2.450006871867520033e+02
2.460001616847000037e+02
2.470007663842989984e+02
2.480002830825110038e+02
2.490008718832399950e+02
2.500003612920120020e+02
2.510009729520529902e+02
2.520004910658749964e+02
2.527909949129389986e+02
2.530010813176050135e+02
2.540005863473340071e+02
2.550001262383879919e+02
2.560007699030389858e+02
2.570002847185239716e+02
2.580009246720870237e+02
2.590004535865450066e+02
2.599999983314190217e+02
2.610006673388119793e+02
2.620002267959350206e+02
2.630008828102439793e+02
2.640004215818769921e+02
2.650010735297399833e+02
2.660006150470289867e+02
2.670001997915099992e+02
2.680008439438529990e+02
2.690004237761600052e+02
2.699999876571529853e+02
2.710006586993699784e+02
2.720002077288229998e+02
2.730008454429329845e+02
2.740004304238249802e+02
2.750000094579880283e+02
2.760006580179909861e+02
2.770002421908139922e+02
2.780009462099989719e+02
2.790005214076080051e+02
2.800001378789020237e+02
2.801239833390279728e+02
2.810008585313040044e+02
2.820004546999990112e+02
2.830000755176880034e+02
2.840008173180099789e+02
2.850004231918720166e+02
2.860000425053880235e+02
2.870007872825950130e+02
2.880004543524989913e+02
2.890001101514209836e+02
2.900008984072479734e+02
2.910005764344530235e+02
2.920002470737960039e+02
2.930010045940579744e+02
2.940006876241529881e+02
2.950003588178950054e+02
2.960000079280869727e+02
2.970008115501260022e+02
2.980005071102929719e+02
2.990002177370479899e+02
3.000010635507640018e+02
3.000065940245689831e+02
