0.000000000000000000e+00
1.000000000000000056e-01
2.000000000000000111e-01
3.000000000000000444e-01
4.000000000000000222e-01
5.000000000000000000e-01
6.000000000000000888e-01
7.000000000000000666e-01
8.000000000000000444e-01
9.000000000000000222e-01
1.000411530250860048e+00
2.000184042844920018e+00
3.000267041818009961e+00
4.000475064778579615e+00
5.000611941839450125e+00
6.000498809909910136e+00
7.000834139733339789e+00
7.400623754379919816e+00
8.000217076114500614e+00
9.000845943504829805e+00
1.000054829218420060e+01
1.100061236202600057e+01
1.200001158945089941e+01
1.300057391299920084e+01
1.400069947217710009e+01
1.500069351305140053e+01
1.596829790528859938e+01
1.600069423914829869e+01
1.700041026700640145e+01
1.800016230445179843e+01
1.900009446847250061e+01
2.000045040877009939e+01
2.100045857066290012e+01
2.200053094224130135e+01
2.300059988589779891e+01
2.400077465036880042e+01
2.475129169980939992e+01
2.500064583343920077e+01
2.600018823033320103e+01
2.700039293273579943e+01
2.800079583560000174e+01
2.900014053212359855e+01
3.000023413158490015e+01
3.100027634001159882e+01
3.200074762485750313e+01
3.300085040324479735e+01
3.365074549868590026e+01
3.400057631472009945e+01
3.500030732493910079e+01
3.600049191633299728e+01
3.700012090927339869e+01
3.800033543338940234e+01
3.900046662690869681e+01
4.000077696787779757e+01
4.100014428254510079e+01
4.200088905717709764e+01
4.300027434894580125e+01
4.400074917834719912e+01
4.500089202751409800e+01
4.600022450131660179e+01
4.700028994541209926e+01
4.800004711587099848e+01
4.828836678311930086e+01
4.900024848114119891e+01
5.000049682095409764e+01
5.100085312074219956e+01
5.200029533308409668e+01
5.300043733009079716e+01
5.400015648557749870e+01
5.500078153146019844e+01
5.600003822625149752e+01
5.700054203171750089e+01
5.733008878138210207e+01
5.800021782814290106e+01
5.900070643881920063e+01
6.000060194300019845e+01
6.100052879615400059e+01
6.200035522380490249e+01
6.300042435494830073e+01
6.400045034868530536e+01
6.500081399513869940e+01
6.600087875247119484e+01
6.641034986227170123e+01
6.700002897622469789e+01
6.800030057648839943e+01
6.900082384404960578e+01
7.000069180678110570e+01
7.100012538986629806e+01
7.200079974357500134e+01
7.300032441389339510e+01
7.400010697450490227e+01
7.500088660436449572e+01
7.550763725911380675e+01
7.600090847766840341e+01
7.700084448279810090e+01
7.800027551203679366e+01
7.900041629820769629e+01
8.000013281777499685e+01
8.100029277151040219e+01
8.200041463943489362e+01
8.300085845121070349e+01
8.400086154397290272e+01
8.463129727960040327e+01
8.500079724226090150e+01
8.600020009701259482e+01
8.700089827562619860e+01
8.800054060056569938e+01
8.900060126374590652e+01
9.000065158390499676e+01
9.100071702276180474e+01
9.200089835966359431e+01
9.300089490532990055e+01
9.375371348304909702e+01
9.400048878804959429e+01
9.500057314863080649e+01
9.600048012626939453e+01
9.700083887277290273e+01
9.800008159747810055e+01
9.900035380804909835e+01
1.000004515648620043e+02
1.010000483196200065e+02
1.020007183082930027e+02
1.029115958558829931e+02
1.030005023212579971e+02
1.040001644711589961e+02
1.050009004573660008e+02
1.060004400275499989e+02
1.070004277150869996e+02
1.080000422325680063e+02
1.090002067383179991e+02
1.099999990322390033e+02
1.110001600189129931e+02
1.120005713030260068e+02
1.120757073984420060e+02
1.130005825455589985e+02
1.140003626386750000e+02
1.150008875615019974e+02
1.160003105487119939e+02
1.170008605546319984e+02
1.180007506083489943e+02
1.190007770034430052e+02
1.200003078537559986e+02
1.210001295441470006e+02
1.212573269369309941e+02
1.220007125097179994e+02
1.230001982033430039e+02
1.240003937682919997e+02
1.250006744059789980e+02
1.260007037940089987e+02
1.270002247993689934e+02
1.280001666268800022e+02
1.290003969963730128e+02
1.300005563184099913e+02
1.304370146005680056e+02
1.310005622638130092e+02
1.320005752782450088e+02
1.330002122177830017e+02
1.340006101795590041e+02
1.350000726543800056e+02
1.360006147128439977e+02
1.370002369881840139e+02
1.380009026953190130e+02
1.390005325383390016e+02
1.396427545080080108e+02
1.400002699580219883e+02
1.410003081047910030e+02
1.420008399524380138e+02
1.430004320472939980e+02
1.440001049648419951e+02
1.450006843799349951e+02
1.460003460189039970e+02
1.470004143999829864e+02
1.480005412447939932e+02
1.488520416276010110e+02
1.490000094651329903e+02
1.500008096355010139e+02
1.510004870675479935e+02
1.520004185134600050e+02
1.530000515859429981e+02
1.540004754292170048e+02
1.550003730219609963e+02
1.560002482650309901e+02
1.570007245306480002e+02
1.580001375873399923e+02
1.580507620246349916e+02
1.590008991589710092e+02
1.600006426569019879e+02
1.610005955111699905e+02
1.620005776552719965e+02
1.630000118908500042e+02
1.640006202197259881e+02
1.650007985561240105e+02
1.660003386570899977e+02
1.670007318460849888e+02
1.672673279662849950e+02
1.680007240384879879e+02
1.690008391186860024e+02
1.700004945367250002e+02
1.710004449945259921e+02
1.720000303996060040e+02
1.730004624580620032e+02
1.740007298395499902e+02
1.750003561783090049e+02
1.760004870242989909e+02
1.764972729410949910e+02
1.770006398834810000e+02
1.780001718455170021e+02
1.790005049334430112e+02
1.800000055043350073e+02
1.810004783882320112e+02
1.820004834338469948e+02
1.830008773215089946e+02
1.840002096249519923e+02
1.850008442540859903e+02
1.857292615097389898e+02
1.860003482413889913e+02
1.870003292611069980e+02
1.879999940284619981e+02
1.890007086699330046e+02
1.900006061169409861e+02
1.910006608049299928e+02
1.920005941838319927e+02
1.930008059814429942e+02
1.940004024639490012e+02
1.949586116102869937e+02
1.950002022221889888e+02
1.960003567325179858e+02
1.970004732988749936e+02
1.980000653591409900e+02
1.990007081144430003e+02
2.000003803741709874e+02
2.010007399231689931e+02
2.014095641232709966e+02
2.020004953797759981e+02
2.030000254333430121e+02
2.040005779195930131e+02
2.050001121308160066e+02
2.060008417962959868e+02
2.070007619665850029e+02
2.080005220931629992e+02
2.090005188146749902e+02
2.100008417545469968e+02
2.106564377555910141e+02
2.110003309200550063e+02
2.120003734863709894e+02
2.130003947211230013e+02
2.140002681802729967e+02
2.150006747977600128e+02
2.160001238897679912e+02
2.170006265134290118e+02
2.180002164343169966e+02
2.190000465853080129e+02
2.198967148426019946e+02
2.200002728018149867e+02
2.210000079183809873e+02
2.220005749952539986e+02
2.230005588220670063e+02
2.230987292858480089e+02
2.240006399482950030e+02
2.250006885829500050e+02
2.252748155678860087e+02
2.260007669596820108e+02
2.270000546428049972e+02
2.280001312708770058e+02
2.290002184834590082e+02
2.300003428738419871e+02
2.310005596508420069e+02
2.320007426366790071e+02
2.330001026014649881e+02
2.340004141566460021e+02
2.345357201402950125e+02
2.350007170863250110e+02
2.360000486862410014e+02
2.370003578643080004e+02
2.380004345571209967e+02
2.390005631425740091e+02
2.400006253989560037e+02
2.410005792274899932e+02
2.420003970536780002e+02
2.430000564474609916e+02
2.437951913494470091e+02
2.440006531000400116e+02
2.450004436971069879e+02
2.460004945495599884e+02
2.470006516775900138e+02
2.480007766716740036e+02
2.489999944754819978e+02
2.500000484870249977e+02
2.510001485827089880e+02
2.520003442945890129e+02
2.530008245084459872e+02
2.530554542227039860e+02
2.540002350200959995e+02
2.550008138010159939e+02
2.560007329060609891e+02
2.570000319554819725e+02
2.580003080610910047e+02
2.590006263320099720e+02
2.600000451544329962e+02
2.610003648002020213e+02
2.620005932709760259e+02
2.623241610464169753e+02
2.630000363024159924e+02
2.640004309961660169e+02
2.650009011763759759e+02
2.660006523471819833e+02
2.670003266388230259e+02
2.680002388739670209e+02
2.690001185640580275e+02
2.700004885666419909e+02
2.710008518710379803e+02
2.720002380983059993e+02
2.730003959698810263e+02
2.740006953484260066e+02
2.750002572366649929e+02
2.760007132745810168e+02
2.770005536087119822e+02
2.776237888562749845e+02
2.780004533500319894e+02
2.790005826469280237e+02
2.800007035381419769e+02
2.810000320836409742e+02
2.820002376128250035e+02
2.830005005874550079e+02
2.840004807588409790e+02
2.850006166067469735e+02
2.860004937283520121e+02
2.870002228759549894e+02
2.880006203904339941e+02
2.890008343420490178e+02
2.900002539646520177e+02
2.910006629210399751e+02
2.910730046498359798e+02
2.920005167679479996e+02
2.930002941511340282e+02
2.939999853064509807e+02
2.950007362597830252e+02
2.960007139366639990e+02
2.970007710490750128e+02
2.980002196038259967e+02
2.990007676432289827e+02
3.000001847262900014e+02
3.003501894321669852e+02
3.010007794409610256e+02
3.020004188905729734e+02
3.030006539757599739e+02
3.040003465099579785e+02
3.050007688996410025e+02
3.060000530460529831e+02
3.070007304472670171e+02
3.080003264034310178e+02
3.090006602584759889e+02
3.096273309428220273e+02
3.100008686006480048e+02
