160729.1529
160729.1626
160801.0903
160804.0011
160804.0430
160804.0431
160804.0432
160804.0433
160804.0434
160804.0435
160804.0436
160804.0437
160804.0438
160804.0439
160804.0440
160804.0441
160804.0442
160804.0442
160804.0443
160804.0444
160804.0445
160804.0446
160804.0447
160804.0448
160804.0449
160804.0450
160804.0451
160804.0452
160804.0453
160804.0454
160804.0455
160804.0456
160804.0457
160804.0458
160804.0459
160804.0500
160804.0501
160804.0502
160804.0503
160804.0504
160804.0505
160804.0506
160804.0507
160804.0508
160804.0509
160804.0510
160804.0511
160804.0512
160804.0513
160804.0514
160804.0515
160804.0516
160804.0517
160804.0518
160804.0519
160804.0520
160804.0521
160804.0522
160804.0523
160804.0524
160804.0525
160804.0526
160804.0527
160804.0528
160804.0529
160804.0529
160804.0530
160804.0531
160804.0532
160804.0533
160804.0534
160804.0535
160804.0536
160804.0537
160804.0538
160804.0539
160804.0540
160804.0541
160804.0542
160804.0543
160804.0544
160804.0545
160804.0546
160804.0547
160804.0548
160804.0549
160804.0550
160804.0551
160804.0552
160804.0553
160804.0554
160804.0555
160804.0556
160804.0557
160804.0558
160804.0559
160804.0600
160804.0601
160804.0602
160804.0603
160804.0604
160804.0605
160804.0606
160804.0607
160804.0608
160804.0609
160804.0610
160804.0611
160804.0612
160804.0613
160804.0614
160804.0615
160804.0616
160804.0616
160804.0617
160804.0617
160804.0618
160804.0618
160804.0619
160804.0619
160804.0620
160804.0620
160804.0621
160804.0621
160804.0622
160804.0622
160804.0623
160804.0623
160804.0624
160804.0624
160804.0625
160804.0625
160804.0626
160804.0626
160804.0627
160804.0627
160804.0628
160804.0628
160804.0629
160804.0629
160804.0630
160804.0630
160804.0631
160804.0631
160804.0632
160804.0632
160804.0633
160804.0633
160804.0634
160804.0634
160804.0635
160804.0635
160804.0636
160804.0636
160804.0637
160804.0637
160804.0638
160804.0638
160804.0639
160804.0639
160804.0640
160804.0640
160804.0641
160804.0641
160804.0642
160804.0642
160804.0643
160804.0643
160804.0644
160804.0644
160804.0645
160804.0645
160804.0646
160804.0646
160804.0647
160804.0647
160804.0648
160804.0648
160804.0649
160804.0649
160804.0650
160804.0650
160804.0651
160804.0651
160804.0652
160804.0652
160804.0653
160804.0653
160804.0654
160804.0654
160804.0655
160804.0655
160804.0656
160804.0656
160804.0657
160804.0657
160804.0658
160804.0658
160804.0659
160804.0659
160804.0700
160804.0700
160804.0701
160804.0701
160804.0702
160804.0702
160804.0703
160804.0704
160804.0704
160804.0705
160804.0705
160804.0706
160804.0706
160804.0707
160804.0707
160804.0708
160804.0709
160804.0709
160804.0710
160804.0710
160804.0711
160804.0711
160804.0712
160804.0712
160804.0713
160804.0713
160804.0714
160804.0714
160804.0715
160804.0715
160804.0716
160804.0716
160804.0717
160804.0717
160804.0718
160804.0718
160804.0719
160804.0719
160804.0720
160804.0720
160804.0721
160804.0721
160804.0722
160804.0722
160804.0723
160804.0723
160804.0724
160804.0724
160804.0725
160804.0725
160804.0726
160804.0726
160804.0727
160804.0727
160804.0728
160804.0728
160804.0729
160804.0729
160804.0730
160804.0730
160804.0731
160804.0731
160804.0732
160804.0732
160804.0733
160804.0733
160804.0734
160804.0734
160804.0735
160804.0735
160804.0736
160804.0736
160804.0737
160804.0737
160804.0738
160804.0738
160804.0739
160804.0739
160804.0740
160804.0740
160804.0741
160804.0741
160804.0742
160804.0743
160804.0743
160804.0744
160804.0744
160804.0745
160804.0745
160804.0746
160804.0746
160804.0747
160804.0747
160804.0748
160804.0748
160804.0749
160804.0749
160804.0750
160804.0750
160804.0751
160804.0751
160804.0752
160804.0752
160804.0753
160804.0753
160804.0754
160804.0754
160804.0755
160804.0755
160804.0756
160804.0756
160804.0757
160804.0757
160804.0758
160804.0758
160804.0759
160804.0759
160804.0800
160804.0800
160804.0801
160804.0801
160804.0802
160804.0802
160804.0803
160804.0803
160804.0804
160804.0804
160804.0805
160804.0806
160804.0806
160804.0807
160804.0807
160804.0808
160804.0808
160804.0809
160804.0809
160804.0810
160804.0810
160804.0811
160804.0811
160804.0812
160804.0812
160804.0813
160804.0813
160804.0814
160804.0814
160804.0815
160804.0815
160804.0816
160804.0816
160804.0817
160804.0817
160804.0818
160804.0818
160804.0819
160804.0819
160804.0820
160804.0820
160804.0821
160804.0821
160804.0822
160804.0822
160804.0823
160804.0823
160804.0824
160804.0825
160804.0825
160804.0826
160804.0826
160804.0827
160804.0827
160804.0828
160804.0828
160804.0829
160804.0829
160804.0830
160804.0830
160804.0831
160804.0831
160804.0832
160804.0832
160804.0833
160804.0833
160804.0834
160804.0834
160804.0835
160804.0835
160804.0836
160804.0836
160804.0836
160804.0837
160804.0837
160804.0838
160804.0838
160804.0839
160804.0839
160804.0840
160804.0840
160804.0841
160804.0841
160804.0842
160804.0842
160804.0843
160804.0843
160804.0844
160804.0844
160804.0845
160804.0845
160804.0846
160804.0846
160804.0847
160804.0847
160804.0848
160804.0848
160804.0849
160804.0849
160804.0850
160804.0850
160804.0851
160804.0851
160804.0852
160804.0852
160804.0853
160804.0854
160804.0854
160804.0855
160804.0855
160804.0855
160804.0856
160804.0857
160804.0857
160804.0857
160804.0858
160804.0858
160804.0859
160804.0859
160804.0900
160804.0900
160804.0901
160804.0901
160804.0902
160804.0903
160804.0903
160804.0904
160804.0904
160804.0905
160804.0905
160804.0906
160804.0906
160804.0907
160804.0907
160804.0908
160804.0908
160804.0909
160804.0909
160804.0910
160804.0910
160804.0911
160804.0911
160804.0912
160804.0912
160804.0913
160804.0913
160804.0914
160804.0914
160804.0915
160804.0915
160804.0916
160804.0916
160804.0917
160804.0917
160804.0918
160804.0918
160804.0919
160804.0919
160804.0920
160804.0920
160804.0921
160804.0922
160804.0922
160804.0923
160804.0923
160804.0924
160804.0924
160804.0925
160804.0925
160804.0926
160804.0926
160804.0927
160804.0927
160804.0928
160804.0928
160804.0929
160804.0929
160804.0930
160804.0930
160804.0931
160804.0931
160804.0932
160804.0932
160804.0933
160804.0933
160804.0934
160804.0934
160804.0935
160804.0935
160804.0936
160804.0936
160804.0937
160804.0937
160804.0938
160804.0938
160804.0939
160804.0939
160804.0940
160804.0940
160804.0941
160804.0941
160804.0942
160804.0942
160804.0943
160804.0943
160804.0944
160804.0944
160804.0945
160804.0945
160804.0946
160804.0946
160804.0947
160804.0947
160804.0948
160804.0948
160804.0949
160804.0949
160804.0950
160804.0950
160804.0951
160804.0951
160804.0952
160804.0952
160804.0953
160804.0953
160804.0954
160804.0954
160804.0955
160804.0955
160804.0956
160804.0956
160804.0957
160804.0957
160804.0958
160804.0958
160804.0959
160804.0959
160804.1000
160804.1000
160804.1001
160804.1001
160804.1002
160804.1002
160804.1003
160804.1003
160804.1004
160804.1004
160804.1005
160804.1005
160804.1006
160804.1006
160804.1007
160804.1007
160804.1008
160804.1008
160804.1009
160804.1009
160804.1010
160804.1010
160804.1011
160804.1011
160804.1012
160804.1012
160804.1013
160804.1013
160804.1014
160804.1014
160804.1015
160804.1015
160804.1016
160804.1016
160804.1016
160804.1017
160804.1017
160804.1018
160804.1018
160804.1019
160804.1019
160804.1020
160804.1020
160804.1021
160804.1021
160804.1022
160804.1022
160804.1023
160804.1023
160804.1024
160804.1024
160804.1025
160804.1025
160804.1026
160804.1026
160804.1027
160804.1027
160804.1028
160804.1028
160804.1029
160804.1029
160804.1030
160804.1030
160804.1031
160804.1031
160804.1032
160804.1032
160804.1033
160804.1033
160804.1034
160804.1034
160804.1035
160804.1035
160804.1036
160804.1036
160804.1037
160804.1037
160804.1038
160804.1038
160804.1039
160804.1039
160804.1040
160804.1040
160804.1041
160804.1041
160804.1042
160804.1042
160804.1043
160804.1043
160804.1044
160804.1044
160804.1045
160804.1045
160804.1046
160804.1046
160804.1047
160804.1047
160804.1048
160804.1048
160804.1049
160804.1049
160804.1050
160804.1050
160804.1051
160804.1051
160804.1052
160804.1052
160804.1053
160804.1053
160804.1054
160804.1054
160804.1055
160804.1055
160804.1056
160804.1056
160804.1057
160804.1057
160804.1058
160804.1058
160804.1059
160804.1059
160804.1100
160804.1100
160804.1101
160804.1101
160804.1102
160804.1102
